   0.0000000000000000        5.0000000745058060E-002   0.0000000000000000        0.0000000000000000        2.5000000745058065E-003
   1.9999999552965164E-002   4.9900100749517978E-002  -9.9899997773021457E-003   9.9800097037634235E-006   2.4900200548120446E-003
   3.9999999105930328E-002   4.9600800163056111E-002  -1.9940059537874057E-002   3.9760598029875287E-005   2.4602393768154273E-003
   5.9999998658895493E-002   4.9103295389545866E-002  -2.9810418925160051E-002   8.8866108973562256E-005   2.4111336181129963E-003
   7.9999998211860657E-002   4.8409574854352148E-002  -3.9561636144797824E-002   1.5651230777755245E-004   2.3434869375791238E-003
   9.9999997764825821E-002   4.7522411057000009E-002  -4.9154745573382230E-002   2.4161890483879618E-004   2.2583795526704767E-003
  0.11999999731779099        4.6445349490699041E-002  -5.8551413464134804E-002   3.4282680697332411E-004   2.1571704893131776E-003
  0.13999999687075615        4.5182694473007400E-002  -6.7714091127282980E-002   4.5851982055187607E-004   2.0414758798411336E-003
  0.15999999642372131        4.3739491944262208E-002  -7.6606164973045399E-002   5.8685045993249788E-004   1.9131431555421787E-003
  0.17999999597668648        4.2121509302519906E-002  -8.5192102817657753E-002   7.2576944906424436E-004   1.7742215459222710E-003
  0.19999999552965164        4.0335212355592093E-002  -9.3437595867807866E-002   8.7305844516516289E-004   1.6269293557707089E-003
  0.21999999508261681        3.8387739482282232E-002 -0.10130969581611879        1.0263654619294886E-003   1.4736185425595701E-003
  0.23999999463558197        3.6286873106080503E-002 -0.10877694649985628        1.1832424266149453E-003   1.3167371598167884E-003
  0.25999999418854713        3.4041008595313289E-002 -0.11580950959676334        1.3411842712894848E-003   1.1587902661861934E-003
  0.27999999374151230        3.1659120714027468E-002 -0.12237928385575313        1.4976689340217056E-003   1.0022999243853631E-003
  0.29999999329447746        2.9150727757676614E-002 -0.12846001738602753        1.6501976312717098E-003   8.4976492880217778E-004
  0.31999999284744263        2.6525853516927572E-002 -0.13402741255592773        1.7963347584111587E-003   7.0362090480149888E-004
  0.33999999240040779        2.3794987221584352E-002 -0.13905922308235616        1.9337467812419217E-003   5.6620141687536258E-004
  0.35999999195337296        2.0969041624697440E-002 -0.14353534292281564        2.0602394974969887E-003   4.3970070665829385E-004
  0.37999999150633812        1.8059309394358167E-002 -0.14743788661486998        2.1737930733379662E-003   3.2613865580115314E-004
  0.39999999105930328        1.5077417987439870E-002 -0.15075126074200645        2.2725942953947353E-003   2.2732853316797535E-004
  0.41999999061226845        1.2035283185613414E-002 -0.15346222624034042        2.3550655233573535E-003   1.4484804135790898E-004
  0.43999999016523361        8.9450614793098217E-003 -0.15555995129720271        2.4198898808179764E-003   8.0014124868632412E-005
  0.45999998971819878        5.8191014899059866E-003 -0.15703605463024597        2.4660322821301039E-003   3.3861942149826071E-005
  0.47999998927116394        2.6698946242523281E-003 -0.15788463897414590        2.4927559595445967E-003   7.1283373046114805E-006
  0.49999998882412910       -4.8997484127158268E-004 -0.15810231464110400        2.4996342267349170E-003   2.4007534507911263E-007
  0.51999998837709427       -3.6478800477081799E-003 -0.15768821306102410        2.4865572908904835E-003   1.3307028842467433E-005
  0.53999998793005943       -6.7912020105324582E-003 -0.15664399024727602        2.4537340046223558E-003   4.6120424747860106E-005
  0.55999998748302460       -9.9073800450953826E-003 -0.15497382017421735        2.4016885297270126E-003   9.8156179357954189E-005
  0.57999998703598976       -1.2983961959000161E-002 -0.15268437809295698        2.3312519661016651E-003   1.6858326815276329E-004
  0.59999998658895493       -1.6008653810843106E-002 -0.14978481385205078        2.2435490795008361E-003   2.5627699683542150E-004
  0.61999998614192009       -1.8969369036484066E-002 -0.14628671532975962        2.1399803400852044E-003   3.5983696164232040E-004
  0.63999998569488525       -2.1854276746539093E-002 -0.14220406212401465        2.0221995585901834E-003   4.7760941211431933E-004
  0.65999998524785042       -2.4651849002100264E-002 -0.13755316968516385        1.8920874772378477E-003   6.0771365922235180E-004
  0.67999998480081558       -2.7350906879770903E-002 -0.13235262411476453        1.7517217371091026E-003   7.4807210714589937E-004
  0.69999998435378075       -2.9940665141942786E-002 -0.12662320789098475        1.6033437015520366E-003   8.9644342914194780E-004
  0.71999998390674591       -3.2410775333815693E-002 -0.12038781681743260        1.4493226654033612E-003   1.0504583577390758E-003
  0.73999998345971107       -3.4751367134946753E-002 -0.11367136852730395        1.2921180215410733E-003   1.2076575177478574E-003
  0.75999998301267624       -3.6953087800092321E-002 -0.10650070290848233        1.1342399889015743E-003   1.3655306979613320E-003
  0.77999998256564140       -3.9007139531740599E-002  -9.8904474847508916E-002   9.7820952906260998E-004   1.5215569344486802E-003
  0.79999998211860657       -4.0905314634998496E-002  -9.0913039721032665E-002   8.2651809144788544E-004   1.6732447653882221E-003
  0.81999998167157173       -4.2640028314358265E-002  -8.2558332092331516E-002   6.8158782994321961E-004   1.8181720146492745E-003
  0.83999998122453690       -4.4204348981292753E-002  -7.3873738097646746E-002   5.4573292618402460E-004   1.9540244688599174E-003
  0.85999998077750206       -4.5592025951575091E-002  -6.4893962032287353E-002   4.2112263710001148E-004   2.0786328303690964E-003
  0.87999998033046722       -4.6797514421649575E-002  -5.5654887669637915E-002   3.0974665676758624E-004   2.1900073560444998E-003
  0.89999997988343239       -4.7815997624253578E-002  -4.6193434867249743E-002   2.1338334566314401E-004   2.2863696288026240E-003
  0.91999997943639755       -4.8643406074762328E-002  -3.6547412033026735E-002   1.3357133462155071E-004   2.3661809545542246E-003
  0.93999997898936272       -4.9276433831353918E-002  -2.6755365041059277E-002   7.1584956914732658E-005   2.4281669311358011E-003
  0.95999997854232788       -4.9712551704024971E-002  -1.6856423200845613E-002   2.8413900736000737E-005   2.4713377969253561E-003
  0.97999997809529305       -4.9950017359679792E-002  -6.8901428954135351E-003   4.7474069826636365E-006   2.4950042342323127E-003
  0.99999997764825821       -4.9987882282919276E-002   3.1036504868309292E-003   9.6326464879434796E-007   2.4987883751309949E-003
   1.0199999772012234       -4.9825995564720574E-002   1.3085021694884123E-002   1.7121779530693208E-005   2.4826298340155542E-003
   1.0399999767541885       -4.9465004503874338E-002   2.3014085196617996E-002   5.2964812532956354E-005   2.4467866705683086E-003
   1.0599999763071537       -4.8906352018782441E-002   3.2851164561257556E-002   1.0791990291121428E-004   2.3918312677850655E-003
   1.0799999758601189       -4.8152270879965188E-002   4.2556951005970615E-002   1.8110941059119881E-004   2.3186411908975436E-003
   1.0999999754130840       -4.7205774786331124E-002   5.2092660473019317E-002   2.7136453155937346E-004   2.2283851731778152E-003
   1.1199999749660492       -4.6070646320875062E-002   6.1420188609796186E-002   3.7724396250766670E-004   2.1225044524231587E-003
   1.1399999745190144       -4.4751421833939577E-002   7.0502263032448692E-002   4.9705691667638330E-004   2.0026897561592040E-003
   1.1599999740719795       -4.3253373314452566E-002   7.9302592264652277E-002   6.2889012336056168E-004   1.8708543030793974E-003
   1.1799999736249447       -4.1582487321589465E-002   8.7786010756379346E-002   7.7063837993532162E-004   1.7291032518501487E-003
   1.1999999731779099       -3.9745441061055084E-002   9.5918619403176919E-002   9.2003816853078761E-004   1.5797000851378036E-003
   1.2199999727308750       -3.7749575701589912E-002  0.10366792100444708        1.0747038005527623E-003   1.4250304656500674E-003
   1.2399999722838402       -3.5602867038333631E-002  0.11100295011944904        1.2321655118827859E-003   1.2675641413492633E-003
   1.2599999718368053       -3.3313893620280394E-002  0.11789439680212943        1.3899089004450508E-003   1.1098155081433587E-003
   1.2799999713897705       -3.0891802469193569E-002  0.12431472372034880        1.5454150763951440E-003   9.5430345979567385E-004
   1.2999999709427357       -2.8346272526972020E-002  0.13023827619150902        1.6962008838089409E-003   8.0351116617336871E-004
   1.3199999704957008       -2.5687475977536730E-002  0.13564138469489354        1.8398585516108384E-003   6.5984642209652652E-004
   1.3399999700486660       -2.2926037597799789E-002  0.14050245945109630        1.9740941405969902E-003   5.2560319993572946E-004
   1.3599999696016312       -2.0072992300153206E-002  0.14480207669061551        2.0967641726357101E-003   4.0292501988200988E-004
   1.3799999691545963       -1.7139741036141326E-002  0.14852305626690004        2.2059098571566935E-003   2.9377072278598693E-004
   1.3999999687075615       -1.4138005237529115E-002  0.15165053030372361        2.2997883684095759E-003   1.9988319209640067E-004
   1.4199999682605267       -1.1079779976822640E-002  0.15417200260259015        2.3769006740678856E-003   1.2276152433479990E-004
   1.4399999678134918       -7.9772860344149172E-003  0.15607739857279671        2.4360154708246229E-003   6.3637092474871281E-005
   1.4599999673664570       -4.8429210638989461E-003  0.15735910548465221        2.4761888447910785E-003   2.3453884431156100E-005
   1.4799999669194221       -1.6892100506931615E-003  0.15801200288501982        2.4967793427784621E-003   2.8534305953627933E-006
   1.4999999664723873        1.4712447380519846E-003  0.15803348305366191        2.4974582138222313E-003   2.1645610792456526E-006
   1.5199999660253525        4.6258141122651215E-003  0.15742346141866398        2.4782146574316342E-003   2.1398156201231153E-005
   1.5399999655783176        7.7618924252483255E-003  0.15618437688933781        2.4393559947803083E-003   6.0246974021127336E-005
   1.5599999651312828        1.0866947945791237E-002  0.15432118210529339        2.3815027601246683E-003   1.1809055765653639E-004
   1.5799999646842480        1.3928572934818166E-002  0.15184132364066480        2.3055787908507117E-003   1.9400514400054914E-004
   1.5999999642372131        1.6934533226462503E-002  0.14875471224261383        2.2127964744115209E-003   2.8677841559816250E-004
   1.6199999637901783        1.9872817115443461E-002  0.14507368322305839        2.1046373877519698E-003   3.9492886010386260E-004
   1.6399999633431435        2.2731683355392603E-002  0.14081294716191986        1.9828286383890121E-003   5.1672942816983309E-004
   1.6599999628961086        2.5499708076330611E-002  0.13598953111889867        1.8493152849507358E-003   6.5023511197808065E-004
   1.6799999624490738        2.8165830433814269E-002  0.13062271058871489        1.7062292775791141E-003   7.9331400402637812E-004
   1.6999999620020390        3.0719396807342148E-002  0.12473393247173897        1.5558554141704858E-003   9.4368134020694295E-004
   1.7199999615550041        3.3150203371405181E-002  0.11834672936784023        1.4005948560769710E-003   1.0989359835655234E-003
   1.7399999611079693        3.5448536869071345E-002  0.11148662553595191        1.2429267858604087E-003   1.2565987661579106E-003
   1.7599999606609344        3.7605213425176934E-002  0.10418103489515529        1.0853688193558119E-003   1.4141520767531075E-003
   1.7799999602138996        3.9611615244030771E-002   9.6459151474886179E-002   9.3043680419009221E-004   1.5690800622411309E-003
   1.7999999597668648        4.1459725044991555E-002   8.8351832752040074E-002   7.8060464669636156E-004   1.7189088008063001E-003
   1.8199999593198299        4.3142158098318395E-002   7.9891476341174925E-002   6.3826480870813793E-004   1.8612458053802994E-003
   1.8399999588727951        4.4652191733283969E-002   7.1111890530570765E-002   5.0569010501855759E-004   1.9938182265859532E-003
   1.8599999584257603        4.5983792200641048E-002   6.2048159181496448E-002   3.8499741151814062E-004   2.1145091451517366E-003
   1.8799999579787254        4.7131638782105217E-002   5.2736501530557256E-002   2.7811386351246620E-004   2.2213913742868447E-003
   1.8999999575316906        4.8091145050517786E-002   4.3214127455363252E-002   1.8674608395557148E-004   2.3127582322699414E-003
   1.9199999570846558        4.8858477195739068E-002   3.3519088781885947E-002   1.1235293295098438E-004   2.3871507938865544E-003
   1.9399999566376209        4.9430569343047535E-002   2.3690127227686850E-002   5.6122213642685129E-005   2.4433811855778310E-003
   1.9599999561905861        4.9805135802838629E-002   1.3766519588643552E-002   1.8951706440853093E-005   2.4805515523391984E-003
   1.9799999557435513        4.9980680202679470E-002   3.7879207878125758E-003   1.4348344108549630E-006   2.4980683935225153E-003
   1.9999999552965164        4.9956501465234129E-002  -6.2057945863899736E-003   3.8511887022338933E-006   2.4956520386459399E-003
   2.0199999548494816        4.9732696608177925E-002  -1.6174691619473561E-002   2.6162065288351969E-005   2.4733411119210722E-003
   2.0399999544024467        4.9310160354918586E-002  -2.6078934650902677E-002   6.8011084266049349E-005   2.4314919142277847E-003
   2.0599999539554119        4.8690581557686345E-002  -3.5878946457188352E-002   1.2872988180600355E-004   2.3707727324257057E-003
   2.0799999535083771        4.7876436447292552E-002  -4.5535566401946920E-002   2.0734878384434931E-004   2.2921531668916428E-003
   2.0999999530613422        4.6870978736537207E-002  -5.5010206920960536E-002   3.0261229105796393E-004   2.1968886477209230E-003
   2.1199999526143074        4.5678226616818404E-002  -6.4265007716928446E-002   4.1299912783985382E-004   2.0865003868574174E-003
   2.1399999521672726        4.4302946699911507E-002  -7.3262987047751443E-002   5.3674653511404612E-004   1.9627510862951997E-003
   2.1599999517202377        4.2750634969092788E-002  -8.1968189503807437E-002   6.7187841906497727E-004   1.8276167902606191E-003
   2.1799999512732029        4.1027494815732826E-002  -9.0345829683707024E-002   8.1623690628661717E-004   1.6832553308549839E-003
   2.1999999508261681        3.9140412249131243E-002  -9.8362431194409197E-002   9.6751680146461188E-004   1.5319718710319430E-003
   2.2199999503791332        3.7096928378659959E-002 -0.10598596042026193        1.1233023973590427E-003   1.3761820951314265E-003
   2.2399999499320984        3.4905209278181706E-002 -0.11318595452643715        1.2811060492960373E-003   1.2183736347536622E-003
   2.2599999494850636        3.2574013353170922E-002 -0.11993364318526989        1.4384078982031111E-003   1.0610663459325576E-003
   2.2799999490380287        3.0112656340942883E-002 -0.12620206353909580        1.5926961078856186E-003   9.0677207190772763E-004
   2.2999999485909939        2.7530974083854933E-002 -0.13196616794020902        1.7415069740328206E-003   7.5795453400589194E-004
   2.3199999481439590        2.4839283224242562E-002 -0.13720292403742598        1.8824642644928715E-003   6.1698999109413794E-004
   2.3399999476969242        2.2048339978157500E-002 -0.14189140680932474        2.0133171626336918E-003   4.8612929579241825E-004
   2.3599999472498894        1.9169297152651765E-002 -0.14601288217641092        2.1319762079151667E-003   3.6746195332666302E-004
   2.3799999468028545        1.6213659578370176E-002 -0.14955088185811297        2.2365466597810682E-003   2.6288275692327496E-004
   2.3999999463558197        1.3193238135545770E-002 -0.15249126917549585        2.3253587521258980E-003   1.7406153250121924E-004
   2.4199999459087849        1.0120102557113110E-002 -0.15482229553676358        2.3969943552452949E-003   1.0241647576648730E-004
   2.4399999454617500        7.0065331975406450E-003 -0.15653464737985290        2.4503096195459466E-003   4.9091507448239138E-005
   2.4599999450147152        3.8649719601159312E-003 -0.15762148338455517        2.4844532394559977E-003   1.4938008252482383E-005
   2.4799999445676804        7.0797257877995871E-004 -0.15807846180548576        2.4988800459150562E-003   5.0122517230434487E-007
   2.4999999441206455       -2.4518495468143528E-003 -0.15790375781669835        2.4933597104174069E-003   6.0115662002137475E-006
   2.5199999436736107       -5.6018677625594929E-003 -0.15709807079865526        2.4679804216417036E-003   3.1380922429203300E-005
   2.5399999432265759       -8.7294946160226834E-003 -0.15566462153845476        2.4231474759787456E-003   7.6204076251169012E-005
   2.5599999427795410       -1.1822232155824397E-002 -0.15360913935452389        2.3595768044841880E-003   1.3976517314620836E-004
   2.5799999423325062       -1.4867721873270097E-002 -0.15093983919724624        2.2782835396381249E-003   2.2104915370091410E-004
   2.5999999418854713       -1.7853794086669154E-002 -0.14766738881705097        2.1805658044975729E-003   3.1875796328918244E-004
   2.6199999414384365       -2.0768516571002326E-002 -0.14380486613117896        2.0679839831159921E-003   4.3133128055999821E-004
   2.6399999409914017       -2.3600242238615197E-002 -0.13936770695950840        1.9423358032581988E-003   5.5697143372131685E-004
   2.6599999405443668       -2.6337655680407385E-002 -0.13437364333830631        1.8056276293069832E-003   6.9367210673969542E-004
   2.6799999400973320       -2.8969818381541262E-002 -0.12884263265842352        1.6600424237719056E-003   8.3925037705948600E-004
   2.6999999396502972       -3.1486212430990854E-002 -0.12279677791111475        1.5079048890046973E-003   9.9138157324948298E-004
   2.7199999392032623       -3.3876782550270594E-002 -0.11626023936019969        1.3516443457501626E-003   1.1476363959583183E-003
   2.7399999387562275       -3.6131976273400479E-002 -0.10925913799353998        1.1937559412974906E-003   1.3055197094215751E-003
   2.7599999383091927       -3.8242782117552256E-002 -0.10182145113965646        1.0367608066674844E-003   1.4625103840905746E-003
   2.7799999378621578       -4.0200765591850658E-002  -9.3976900666618374E-002   8.8316579905054144E-004   1.6161015541709238E-003
   2.7999999374151230       -4.1998102900442986E-002  -8.5756834209976582E-002   7.3542347233040452E-004   1.7638406472361976E-003
   2.8199999369680882       -4.3627612205164056E-002  -7.7194099904367805E-002   5.9589291488404796E-004   1.9033685467241797E-003
   2.8399999365210533       -4.5082782322875894E-002  -6.8322915119375452E-002   4.6680207999683120E-004   2.0324572619718111E-003
   2.8599999360740185       -4.6357798742812713E-002  -5.9178729724190401E-002   3.5021221039544621E-004   2.1490455042791280E-003
   2.8799999356269836       -4.7447566859971174E-002  -4.9798084427477185E-002   2.4798492495987787E-004   2.2512716009314348E-003
   2.8999999351799488       -4.8347732331710969E-002  -4.0218464758529165E-002   1.6175249316360517E-004   2.3375032216187701E-003
   2.9199999347329140       -4.9054698476226462E-002  -3.0478151273212774E-002   9.2891771887479378E-005   2.4063634425934947E-003
   2.9399999342858791       -4.9565640643370996E-002  -2.0616066583285297E-002   4.2502220769977705E-005   2.4567527323877910E-003
   2.9599999338388443       -4.9878517500414145E-002  -1.0671619820363461E-002   1.1388347128737022E-005   2.4878665080391199E-003
   2.9799999333918095       -4.9992079187640176E-002  -6.8454915606983371E-004   4.6860755405871821E-008   2.4992079815032860E-003
   2.9999999329447746       -4.9905872311204254E-002   9.3052369923496206E-003   8.6587436774045147E-006   2.4905960911422234E-003
   3.0199999324977398       -4.9620241753301181E-002   1.9257819436391835E-002   3.7086361497096956E-005   2.4621683916560538E-003
   3.0399999320507050       -4.9136329292419692E-002   2.9133427733385953E-002   8.4875662414388088E-005   2.4143788563331017E-003
   3.0599999316036701       -4.8456069039202077E-002   3.8892599108875277E-002   1.5126342879836929E-004   2.3479906267319180E-003
   3.0799999311566353       -4.7582179706153881E-002   4.8496336149239282E-002   2.3518946549459734E-004   2.2640638255887221E-003
   3.0999999307096004       -4.6518153742100138E-002   5.7906262634418441E-002   3.3531353022518543E-004   2.1639386275736651E-003
   3.1199999302625656       -4.5268243374813243E-002   6.7084776888038058E-002   4.5003673571785438E-004   2.0492138582413229E-003
   3.1399999298155308       -4.3837443617592238E-002   7.5995202032149017E-002   5.7752708179653861E-004   1.9217214629255784E-003
   3.1599999293684959       -4.2231472307705263E-002   8.4601932546173778E-002   7.1574870972022052E-004   1.7834972532764766E-003
   3.1799999289214611       -4.0456747256467571E-002   9.2870576544415384E-002   8.6249441162137978E-004   1.6367483985736963E-003
   3.1999999284744263       -3.8520360602269064E-002  0.10076809320359727        1.0154208759198364E-003   1.4838181809288427E-003
   3.2199999280273914       -3.6430050469042331E-002  0.10826292479128308        1.1720861059017454E-003   1.3271485771769714E-003
   3.2399999275803566       -3.4194170043429305E-002  0.11532512276760180        1.3299884139546141E-003   1.1692412649589581E-003
   3.2599999271333218       -3.1821654194219270E-002  0.12192646745638758        1.4866063687915146E-003   1.0126176756564730E-003
   3.2799999266862869       -2.9321983767451973E-002  0.12804058080754122        1.6394390577827945E-003   8.5977873205871698E-004
   3.2999999262392521       -2.6705147699867118E-002  0.13364303180002887        1.7860460214845120E-003   7.1316491367171800E-004
   3.3199999257922173       -2.3981603102099375E-002  0.13871143406434222        1.9240862226897546E-003   5.7511728734662240E-004
   3.3399999253451824       -2.1162233471130412E-002  0.14322553533433638        2.0513554277483016E-003   4.4784012548663228E-004
   3.3599999248981476       -1.8258305198984782E-002  0.14716729837101239        2.1658214032555119E-003   3.3336570873927475E-004
   3.3799999244511127       -1.5281422551464273E-002  0.15052097303488995        2.2656563660979172E-003   2.3352187519640085E-004
   3.3999999240040779       -1.2243481296828786E-002  0.15327315921898679        2.3492661687036808E-003   1.4990283426579630E-004
   3.4199999235570431       -9.1566211697261916E-003  0.15541286039094293        2.4153157534804806E-003   8.3843711245877844E-005
   3.4399999231100082       -6.0331773603276313E-003  0.15693152753035422        2.4627504699988737E-003   3.6399229061169882E-005
   3.4599999226629734       -2.8856312225196204E-003  0.15782309328576086        2.4908129145446017E-003   8.3268675523800797E-006
   3.4799999222159386        2.7343960187544119E-004  0.15808399621481900        2.4990550231635119E-003   7.4769215873799782E-008
   3.4999999217689037        3.4314114435455754E-003  0.15771319501081171        2.4873452251161642E-003   1.1774584494895529E-005
   3.5199999213218689        6.5756650499608476E-003  0.15671217265867010        2.4558705425354052E-003   4.3239370849276598E-005
   3.5399999208748341        9.6936360118946383E-003  0.15508493050391728        2.4051336027797682E-003   9.3966579131100593E-005
   3.5599999204277992        1.2772864970690238E-002  0.15283797225825591        2.3359446112098271E-003   1.6314607955948574E-004
   3.5799999199807644        1.5801047405644975E-002  0.14998027800573302        2.2494084125864932E-003   2.4967309911543977E-004
   3.5999999195337296        1.8766082802562336E-002  0.14652326831337362        2.1469068477146924E-003   3.5216586375262583E-004
   3.6199999190866947        2.1656123006995803E-002  0.14248075858971654        2.0300766870806081E-003   4.6898766369413294E-004
   3.6399999186396599        2.4459619568966490E-002  0.13786890387365555        1.9007834938562084E-003   5.9827298945856853E-004
   3.6599999181926250        2.7165369889967095E-002  0.13270613427422853        1.7610918336432701E-003   7.3795732125873079E-004
   3.6799999177455902        2.9762561987851172E-002  0.12701308131935599        1.6132323066627679E-003   8.8581009608068356E-004
   3.6999999172985554        3.2240817700729972E-002  0.12081249550785757        1.4595659288328374E-003   1.0394703260117031E-003
   3.7199999168515205        3.4590234157237262E-002  0.11412915539422623        1.3025464305093978E-003   1.1964842990525035E-003
   3.7399999164044857        3.6801423347450339E-002  0.10698976856947429        1.1446810749120438E-003   1.3543447603982630E-003
   3.7599999159574509        3.8865549636345739E-002   9.9422864933747995E-002   9.8849062189308745E-004   1.5105309485352544E-003
   3.7799999155104160        4.0774365069889955E-002   9.1458682687208775E-002   8.3646907635231461E-004   1.6625488468526620E-003
   3.7999999150633812        4.2520242332686406E-002   8.3129047494775898E-002   6.9104386403622659E-004   1.8079710080303772E-003
   3.8199999146163464        4.4096205225484672E-002   7.4467245307602167E-002   5.5453707063350590E-004   1.9444753152880617E-003
   3.8399999141693115        4.5495956540768816E-002   6.5507889349500428E-002   4.2912836309715003E-004   2.0698820615595247E-003
   3.8599999137222767        4.6713903225039141E-002   5.6286781799854926E-002   3.1682018525943658E-004   2.1821887545183222E-003
   3.8799999132752419        4.7745178727244320E-002   4.6840770725743081E-002   2.1940578348756388E-004   2.2796020916965036E-003
   3.8999999128282070        4.8585662444065238E-002   3.7207602834976435E-002   1.3844057293545991E-004   2.3605665951286514E-003
   3.9199999123811722        4.9231996184352998E-002   2.7425772638467950E-002   7.5217301602518847E-005   2.4237894482961480E-003
   3.9399999119341373        4.9681597586935099E-002   1.7534368624679941E-002   3.0745408764758313E-005   2.4682611387901554E-003
   3.9599999114871025        4.9932670438178443E-002   7.5729170608455423E-003   5.7349073665013264E-006   2.4932715770877396E-003
   3.9799999110400677        4.9984211848086248E-002  -2.4187759548613304E-003   5.8504772069942433E-007   2.4984214340743657E-003
   3.9999999105930328        4.9836016256259615E-002  -1.2400783559044455E-002   1.5377943516975939E-005   2.4836285162941727E-003
   4.0199999101459980        4.9488676251722187E-002  -2.2333217671063475E-002   4.9877261897539290E-005   2.4491290771477717E-003
   4.0399999096989632        4.8943580203338229E-002  -3.2176388385717070E-002   1.0353199849759780E-004   2.3954740431206016E-003
   4.0599999092519283        4.8202906710299420E-002  -4.1890962573698363E-002   1.7548527715003406E-004   2.3235202153218289E-003
   4.0799999088048935        4.7269615894862546E-002  -5.1438121056056711E-002   2.6458803372042338E-004   2.2344165868478419E-003
   4.0999999083578587        4.6147437572138628E-002  -6.0779713724599643E-002   3.6941736554917625E-004   2.1295859944744319E-003
   4.1199999079108238        4.4840856344213219E-002  -6.9878411988377992E-002   4.8829925347797470E-004   2.0107023976823667E-003
   4.1399999074637890        4.3355093678167991E-002  -7.8697857937083421E-002   6.1933529361735129E-004   1.8796641478427221E-003
   4.1599999070167542        4.1696087039625768E-002  -8.7202809625307978E-002   7.6043301198610528E-004   1.7385636744160480E-003
   4.1799999065697193        3.9870466165207320E-002  -9.5359281897117634E-002   9.0933927794360563E-004   1.5896540722309417E-003
   4.1999999061226845        3.7885526568720865E-002 -0.10313468218821377        1.0636762828563973E-003   1.4353131233892545E-003
   4.2199999056756496        3.5749200386959064E-002 -0.11049794076302712        1.2209795094809573E-003   1.2780053283069541E-003
   4.2399999052286148        3.3470024681609062E-002 -0.11741963486632809        1.3787370857589643E-003   1.1202425521875197E-003
   4.2599999047815800        3.1057107323946131E-002 -0.12387210629325568        1.5344298946175503E-003   9.6454391533110843E-004
   4.2799999043345451        2.8520090598640632E-002 -0.12982957190796846        1.6855717992976119E-003   8.1339556775466974E-004
   4.2999999038875103        2.5869112672121934E-002 -0.13526822666929905        1.8297493418910761E-003   6.6921099044293963E-004
   4.3199999034404755        2.3114767079476000E-002 -0.14016633875173687        1.9646602811823843E-003   5.3429245713842749E-004
   4.3399999029934406        2.0268060391770974E-002 -0.14450433638165117        2.0881503544260037E-003   4.1079427204447540E-004
   4.3599999025464058        1.7340368232975745E-002 -0.14826488604177376        2.1982476760544585E-003   3.0068837045519437E-004
   4.3799999020993710        1.4343389822231161E-002 -0.15143296173145343        2.2931942240472401E-003   2.0573283159248446E-004
   4.3999999016523361        1.1289101223125941E-002 -0.15399590500593580        2.3714739111974346E-003   1.2744380642598361E-004
   4.4199999012053013        8.1897074867957279E-003 -0.15594347555477056        2.4318367930473237E-003   6.7071308719278001E-005
   4.4399999007582664        5.0575938800836847E-003 -0.15726789211725328        2.4733190259557266E-003   2.5579255855859940E-005
   4.4599999003112316        1.9052763936567075E-003 -0.15796386357142325        2.4952582566233669E-003   3.6300781362255090E-006
   4.4799998998641968       -1.2546482721517557E-003 -0.15802861007240526        2.4973041973543626E-003   1.5741422868133860E-006
   4.4999998994171619       -4.4095530439146558E-003 -0.15746187415564655        2.4794242182071668E-003   1.9444158047097008E-005
   4.5199998989701271       -7.5468309329544984E-003 -0.15626592176070034        2.4419038667593345E-003   5.6954657130598868E-005
   4.5399998985230923       -1.0653945412826930E-002 -0.15444553317148504        2.3853423072067986E-003   1.1350655285949600E-004
   4.5599998980760574       -1.3718480515136506E-002 -0.15200798390924228        2.3106427516465054E-003   1.8819670764417997E-004
   4.5799998976290226       -1.6728190443502322E-002 -0.14896301565456518        2.2189980363558699E-003   2.7983235551408241E-004
   4.5999998971819878       -1.9671048507417094E-002 -0.14532279731471273        2.1118715734066459E-003   3.8695014938115632E-004
   4.6199998967349529       -2.2535295180461368E-002 -0.14110187639180488        1.9909739817966419E-003   5.0783952887052534E-004
   4.6399998962879181       -2.5309485090833941E-002 -0.13631712084625022        1.8582357712709891E-003   6.4057003556314556E-004
   4.6599998958408833       -2.7982532756426565E-002 -0.13098765168773943        1.7157765150339168E-003   7.8302213946448572E-004
   4.6799998953938484       -3.0543756881688026E-002 -0.12513476656318892        1.5658710036156741E-003   9.3292108444766465E-004
   4.6999998949468136       -3.2982923039270258E-002 -0.11878185464699555        1.4109129203622383E-003   1.0878732122144247E-003
   4.7199998944997787       -3.5290284565903843E-002 -0.11195430317371825        1.2533766185880489E-003   1.2454041847424710E-003
   4.7399998940527439       -3.7456621509086609E-002 -0.10467939598669870        1.0957776107423658E-003   1.4029984948749695E-003
   4.7599998936057091       -3.9473277468958186E-002  -9.6986204508036536E-002   9.4063240050398355E-004   1.5581396341413619E-003
   4.7799998931586742       -4.1332194188144704E-002  -8.8905471565618455E-002   7.9041829920864948E-004   1.7083502764065029E-003
   4.7999998927116394       -4.3025943751357057E-002  -8.0469488541442438E-002   6.4753386826114001E-004   1.8512318356949415E-003
   4.8199998922646046       -4.4547758266077937E-002  -7.1711966332165908E-002   5.1426061918565002E-004   1.9845027665329152E-003
   4.8399998918175697       -4.5891556905738672E-002  -6.2667900637531637E-002   3.9272658288363581E-004   2.1060349952326507E-003
   4.8599998913705349       -4.7051970207326634E-002  -5.3373432114990335E-002   2.8487232981827662E-004   2.2138879003911530E-003
   4.8799998909235001       -4.8024361526335421E-002  -4.3865701959352126E-002   1.9241998370595202E-004   2.3063393000121659E-003
   4.8999998904764652       -4.8804845563329563E-002  -3.4182703484579871E-002   1.1684572349260782E-004   2.3819129504604494E-003
   4.9199998900294304       -4.9390303888097460E-002  -2.4363130300811366E-002   5.9356212689907772E-005   2.4394021181586151E-003
   4.9399998895823956       -4.9778397399364030E-002  -1.4446221693301852E-002   2.0869332432179785E-005   2.4778888476490115E-003
   4.9599998891353607       -4.9967575670280165E-002  -4.4716058211581138E-003   1.9995258917767700E-006   2.4967586183651741E-003
   4.9799998886883259       -4.9957083142350735E-002   5.5208586375536262E-003   3.0479880550036091E-006   2.4957101560917441E-003
   4.9999998882412910       -4.9746962143056406E-002   1.5491241761536809E-002   2.3997857489034142E-005   2.4747602424626870E-003
   5.0199998877942562       -4.9338052715117243E-002   2.5399701946363033E-002   6.4514486857748560E-005   2.4342434457196882E-003
   5.0399998873472214       -4.8731989258086819E-002   3.5206645111337233E-002   1.2395078784657523E-004   2.3748067770502893E-003
   5.0599998869001865       -4.7931193995703218E-002   4.4872882916939666E-002   2.0135756512819906E-004   2.2973993578537361E-003
   5.0799998864531517       -4.6938867295107954E-002   5.4359789360609832E-002   2.9549867433626028E-004   2.2032572629477553E-003
   5.0999998860061169       -4.5758974876623316E-002   6.3629455125118847E-002   4.0487076198499576E-004   2.0938837817594440E-003
   5.1199998855590820       -4.4396231965204223E-002   7.2644839062758662E-002   5.2772727210915972E-004   1.9710254127082213E-003
   5.1399998851120472       -4.2856084446901387E-002   8.1369916210023208E-002   6.6210633626877290E-004   1.8366439741199429E-003
   5.1599998846650124       -4.1144687105640648E-002   8.9769821741321587E-002   8.0586210155514620E-004   1.6928852770210718E-003
   5.1799998842179775       -3.9268879027290080E-002   9.7810990286492566E-002   9.5669899633836009E-004   1.5420448600599428E-003
   5.1999998837709427       -3.7236156269305876E-002  0.10546129005541688        1.1122083865884732E-003   1.3865313337121674E-003
   5.2199998833239079       -3.5054641905174599E-002  0.11269015123377567        1.2699070374322123E-003   1.2288279191000231E-003
   5.2399998828768730       -3.2733053563359413E-002  0.11946868813689734        1.4272767657832043E-003   1.0714527955817564E-003
   5.2599998824298382       -3.0280668590469732E-002  0.12576981463357836        1.5818046508671920E-003   9.1691889028586019E-004
   5.2799998819828033       -2.7707286977866931E-002  0.13156835237865802        1.7310231605577276E-003   7.6769375167387436E-004
   5.2999998815357685       -2.5023192199855906E-002  0.13684113142186405        1.8725495527847492E-003   6.2616014787092943E-004
   5.3199998810887337       -2.2239110119957235E-002  0.14156708279091168        2.0041239228566574E-003   4.9457801892758429E-004
   5.3399998806416988       -1.9366166129474321E-002  0.14572732267890995        2.1236452891610943E-003   3.7504839055439840E-004
   5.3599998801946640       -1.6415840689633344E-002  0.14930522789967912        2.2292051410352566E-003   2.6947982554742175E-004
   5.3799998797476292       -1.3399923454952783E-002  0.15228650230947754        2.3191179131230003E-003   1.7955794859859372E-004
   5.3999998793005943       -1.0330466161168381E-002  0.15465923392973449        2.3919478996160346E-003   1.0671853110704498E-004
   5.4199998788535595       -7.2197344659758545E-003  0.15641394254254543        2.4465321786264400E-003   5.2124565759199659E-005
   5.4399998784065247       -4.0801589350378141E-003  0.15754361756875696        2.4819991806497438E-003   1.6647696935168910E-005
   5.4599998779594898       -9.2428536911651573E-004  0.15804374607730015        2.4977826046344732E-003   8.5430344356285373E-007
   5.4799998775124550        2.2352753291734664E-003  0.15791233081386677        2.4936304594647984E-003   4.9964557972115482E-006
   5.4999998770654202        5.3858975486592939E-003  0.15714989817690558        2.4696090865012218E-003   2.9007892404654190E-005
   5.5199998766183853        8.5149914215785199E-003  0.15575949610908710        2.4261020989674096E-003   7.2505078909555781E-005
   5.5399998761713505        1.1610053132616191E-002  0.15374668191268220        2.3638042551393759E-003   1.3479333374217102E-004
   5.5599998757243156        1.4658714883975759E-002  0.15111950003756489        2.2837103631902929E-003   2.1487792204969244E-004
   5.5799998752772808        1.7648794316824104E-002  0.14788844993061823        2.1870993948784174E-003   3.1147994083756278E-004
   5.5999998748302460        2.0568343191623654E-002  0.14406644407503710        2.0755140617701485E-003   4.2305674164841114E-004
   5.6199998743832111        2.3405695132826490E-002  0.13966875638722234        1.9507361801435602E-003   5.4782656465081759E-004
   5.6399998739361763        2.6149512247144537E-002  0.13471296117749160        1.8147582179628401E-003   6.8379699076356220E-004
   5.6599998734891415        2.8788830429111480E-002  0.12921886291853865        1.6697514782772441E-003   8.2879675747613512E-004
   5.6799998730421066        3.1313103172898017E-002  0.12320841710230500        1.5180314271059868E-003   9.8051043031655580E-004
   5.6999998725950718        3.3712243715311466E-002  0.11670564250153717        1.3620207194653500E-003   1.1365153763205574E-003
   5.7199998721480370        3.5976665341579568E-002  0.10973652518664999        1.2042105139481614E-003   1.2943204491000124E-003
   5.7399998717010021        3.8097319692860357E-002  0.10232891468146083        1.0471206935918828E-003   1.4514057677800056E-003
   5.7599998712539673        4.0065732922405221E-002   9.4512412672772106E-002   8.9325962823344290E-004   1.6052629546095057E-003
   5.7799998708069324        4.1874039555899474E-002   8.6318254718533591E-002   7.4508412086798307E-004   1.7534351887290337E-003
   5.7999998703598976        4.3515013920679101E-002   7.7779185427292480E-002   6.0496017758792373E-004   1.8935564365168960E-003
   5.8199998699128628        4.4982099018237395E-002   6.8929327607727381E-002   4.7512522752525831E-004   2.0233892320865136E-003
   5.8399998694658279        4.6269432724652081E-002   5.9804045911156491E-002   3.5765239606380726E-004   2.1408604046611050E-003
   5.8599998690187931        4.7371871214241378E-002   5.0439805511915715E-002   2.5441740179910294E-004   2.2440941823386709E-003
   5.8799998685717583        4.8285009512853604E-002   4.0874026390329624E-002   1.6706860582525244E-004   2.3314421436563628E-003
   5.8999998681247234        4.9005199098665103E-002   3.1144933800569374E-002   9.7000691589607793E-005   2.4015095386998070E-003
   5.9199998676776886        4.9529562480159717E-002   2.1291405520935586E-002   4.5332395581197958E-005   2.4531775594760453E-003
   5.9399998672306538        4.9856004693042126E-002   1.1352816496960466E-002   1.2888644433421536E-005   2.4856212039526386E-003
   5.9599998667836189        4.9983221670149611E-002   1.3688814981404791E-003   1.8738365838736631E-007   2.4983224485273137E-003
   5.9799998663365841        4.9910705450922355E-002  -8.6205035829527467E-003   7.4313083131052365E-006   2.4910785186087305E-003
   5.9999998658895493        4.9638746209621470E-002  -1.8575421155011887E-002   3.4504627622765323E-005   2.4640051252632100E-003
   6.0199998654425144        4.9168431094196489E-002  -2.8456091438722700E-002   8.0974915203514984E-005   2.4175346162647483E-003
   6.0399998649954796        4.8501639880448436E-002  -3.8223031426477053E-002   1.4610001532000508E-004   2.3524090710927061E-003
   6.0599998645484447        4.7641037458860939E-002  -4.7837212655868412E-002   2.2883989487825781E-004   2.2696684501565911E-003
   6.0799998641014099        4.6590063184128269E-002  -5.7260217166509225E-002   3.2787325188127187E-004   2.1706339875010644E-003
   6.0999998636543751        4.5352917129945845E-002  -6.6454391016970482E-002   4.4161861512427076E-004   2.0568870921957353E-003
   6.1199998632073402        4.3934543303995321E-002  -7.5382994748394688E-002   5.6825959819137783E-004   1.9302440953306401E-003
   6.1399998627603054        4.2340609890203204E-002  -8.4010350193535741E-002   7.0577390448090156E-004   1.7927272458743734E-003
   6.1599998623132706        4.0577486597230879E-002  -9.2301983044584160E-002   8.5196562009154690E-004   1.6465324185484516E-003
   6.1799998618662357        3.8652219203717267E-002 -0.10022476061008519        1.0045002789031087E-003   1.4939940493722099E-003
   6.1999998614192009        3.6572501401996908E-002 -0.10774702421048273        1.1609421399208209E-003   1.3375478587990658E-003
   6.2199998609721661        3.4346644052811397E-002 -0.11483871568324729        1.3187930816293185E-003   1.1796919576905244E-003
   6.2399998605251312        3.1983541973877518E-002 -0.12147149749208526        1.4755324922841148E-003   1.0229469571947851E-003
   6.2599998600780964        2.9492638395029840E-002 -0.12761886596028596        1.6286575191678313E-003   8.6981571949998836E-004
   6.2799998596310616        2.6883887221979718E-002 -0.13325625717573975        1.7757230341090241E-003   7.2274339216412439E-004
   6.2999998591840267        2.4167713259489087E-002 -0.13836114514444542        1.9143806770947239E-003   5.8407836419288464E-004
   6.3199998587369919        2.1354970552911322E-002 -0.14291313180030105        2.0424163545313969E-003   4.5603476731570969E-004
   6.3399998582899570        1.8456899014570104E-002 -0.14689402851151545        2.1577855933877020E-003   3.4065712123403888E-004
   6.3599998578429222        1.5485079508300718E-002 -0.15028792875795757        2.2586461866921435E-003   2.3978768737839480E-004
   6.3799998573958874        1.2451387571639012E-002 -0.15308127168904301        2.3433876091126559E-003   1.5503705245916645E-004
   6.3999998569488525        9.3679459605868921E-003 -0.15526289630819826        2.4106567329226164E-003   8.7758411520476274E-005
   6.4199998565018177        6.2470762065877788E-003 -0.15682408606740073        2.4593794337351600E-003   3.9025961130915151E-005
   6.4399998560547829        3.1012493792923453E-003 -0.15775860369361372        2.4887777410215451E-003   9.6177477125611573E-006
   6.4599998556077480       -5.6963748131919503E-005 -0.15806271610796935        2.4983822595716475E-003   3.2448686012367626E-009
   6.4799998551607132       -3.2149429320067011E-003 -0.15773520933814250        2.4880396635694429E-003   1.0335858056059844E-005
   6.4999998547136784       -6.3600688887325381E-003 -0.15677739336434568        2.4579151436376671E-003   4.0450476269423545E-005
   6.5199998542666435       -9.4797737214411624E-003 -0.15519309687960056        2.4084897677974022E-003   8.9866109809726426E-005
   6.5399998538196087       -1.2561591141205621E-002 -0.15298865198524406        2.3405527985031660E-003   1.5779357199881551E-004
   6.5599998533725739       -1.5593206282124641E-002 -0.15017286888284617        2.2551890884553861E-003   2.4314808215689139E-004
   6.5799998529255390       -1.8562504911221009E-002 -0.14675700066369035        2.1537617564737917E-003   3.4456658857910406E-004
   6.5999998524785042       -2.1457621836512380E-002 -0.14275469833653767        2.0378904200825201E-003   4.6042953487877294E-004
   6.6199998520314693       -2.4266988319817554E-002 -0.13818195627340318        1.9094253324071252E-003   5.8888672211416160E-004
   6.6399998515844345       -2.6979378304838569E-002 -0.13305704829136247        1.7704178363822779E-003   7.2788685371559406E-004
   6.6599998511373997       -2.9583953275793648E-002 -0.12740045462582403        1.6230876080725546E-003   8.7521029142434176E-004
   6.6799998506903648       -3.2070305567348592E-002 -0.12123478008710066        1.4697872121783018E-003   1.0285044991831102E-003
   6.6999998502433300       -3.4428499952783284E-002 -0.11458466372734366        1.3129645357155384E-003   1.1853216089987987E-003
   6.7199998497962952       -3.6649113344210421E-002 -0.10747668037882781        1.1551236997379552E-003   1.3431575089167824E-003
   6.7399998493492603       -3.8723272446208191E-002  -9.9939234457056353E-002   9.9878507326930520E-004   1.4994918289432666E-003
   6.7599998489022255       -4.0642689212407095E-002  -9.2002446453064254E-002   8.4644502794790910E-004   1.6518281864163120E-003
   6.7799998484551907       -4.2399693963350735E-002  -8.3698032568511049E-002   7.0053607602275447E-004   1.7977340481858007E-003
   6.7999998480081558       -4.3987266033296397E-002  -7.5059177974555122E-002   5.6338802821672980E-004   1.9348795730839909E-003
   6.8199998475611210       -4.5399061823495651E-002  -6.6120404200979713E-002   4.3719079168474397E-004   2.0610748144535801E-003
   6.8399998471140862       -4.6629440149859300E-002  -5.6917431185495401E-002   3.2395940210293165E-004   2.1743046886893106E-003
   6.8599998466670513       -4.7673484783722846E-002  -4.7487034534480721E-002   2.2550184824813579E-004   2.2727611514238538E-003
   6.8799998462200165       -4.8527024095645126E-002  -3.7866898565556459E-002   1.4339020283409468E-004   2.3548720675793228E-003
   6.8999998457729816       -4.9186647723749394E-002  -2.8095465719243991E-002   7.8935520574352331E-005   2.4193263143002216E-003
   6.9199998453259468       -4.9649720200006020E-002  -1.8211782941465873E-002   3.3166904284932119E-005   2.4650947159388860E-003
   6.9399998448789120       -4.9914391480012317E-002  -8.2553456507501993E-003   6.8150732828885270E-006   2.4914464768199260E-003
   6.9599998444318771       -4.9979604334198707E-002   1.7340600863493746E-003   3.0069644278772619E-007   2.4979608494030540E-003
   6.9799998439848423       -4.9845098570932174E-002   1.1716516540947408E-002   1.3727676189987733E-005   2.4845338515459446E-003
   6.9999998435378075       -4.9511412074647924E-002   2.1652133833325135E-002   4.6881490652210939E-005   2.4513799256255923E-003
   7.0199998430907726       -4.8979878654867123E-002   3.1501209332824624E-002   9.9232620421724969E-005   2.3990285130455081E-003
   7.0399998426437378       -4.8252622714702542E-002   4.1224386309176950E-002   1.6994500518920346E-004   2.3283155988474279E-003
   7.0599998421967030       -4.7332550760163031E-002   5.0782811201295172E-002   2.5788939519349042E-004   2.2403703614634098E-003
   7.0799998417496681       -4.6223339784191991E-002   6.0138288875088861E-002   3.6166138427153814E-004   2.1365971408048661E-003
   7.0999998413026333       -4.4929422571863463E-002   6.9253435249893983E-002   4.7960383653777980E-004   2.0186530126410740E-003
   7.1199998408555984       -4.3455969985462473E-002   7.8091826683628240E-002   6.0983334856580811E-004   1.8884213273774153E-003
   7.1399998404085636       -4.1808870300244383E-002   8.6618145519735262E-002   7.5027032450770222E-004   1.7479816357826568E-003
   7.1599998399615288       -3.9994705673453576E-002   9.4798321214319858E-002   8.9867218389659542E-004   1.5995764819061796E-003
   7.1799998395144939       -3.8020725840636871E-002  0.10259966647953907        1.0526691718572580E-003   1.4455755934488722E-003
   7.1999998390674591       -3.5894819144366895E-002  0.10999100789923011        1.2098021998963072E-003   1.2884380414068081E-003
   7.2199998386204243       -3.3625481011149795E-002  0.11694281049484620        1.3675621130216143E-003   1.1306729732311954E-003
   7.2399998381733894       -3.1221780002488771E-002  0.12342729574394692        1.5234297561672460E-003   9.7479954652380770E-004
   7.2599998377263546       -2.8693321575768208E-002  0.12941855257965440        1.6749162001394730E-003   8.2330670305044533E-004
   7.2799998372793198       -2.6050209699774465E-002  0.13489264092753539        1.8196024847546891E-003   6.7861342540222365E-004
   7.2999998368322849       -2.3303006478241978E-002  0.13982768736619117        1.9551782445521556E-003   5.4303011092498763E-004
   7.3199998363852501       -2.0462689942772984E-002  0.14420397252931078        2.0794786003100669E-003   4.1872167969406263E-004
   7.3399998359382153       -1.7540610183793989E-002  0.14800400989994611        2.1905187272876067E-003   3.0767300561981739E-004
   7.3599998354911804       -1.4548443994853019E-002  0.15121261568216376        2.2865255482160613E-003   2.1165722267137488E-004
   7.3799998350441456       -1.1498148211501961E-002  0.15381696947088450        2.3659660449763423E-003   1.3220741229366575E-004
   7.3999998345971107       -8.4019119312244706E-003  0.15580666547749208        2.4275717368951494E-003   7.0592124100052111E-005
   7.4199998341500759       -5.2721078053407956E-003  0.15717375410653298        2.4703589348053054E-003   2.7795120711135339E-005
   7.4399998337030411       -2.1212425975289384E-003  0.15791277371738544        2.4936444474700148E-003   4.4996701575713182E-006
   7.4599998332560062        1.0380927934682475E-003  0.15802077244399823        2.4970564895888279E-003   1.0776366478507096E-006
   7.4799998328089714        4.1932736472397114E-003  0.15749731998552710        2.4805406172252868E-003   1.7583543880635032E-005
   7.4999998323619366        7.3316918701536050E-003  0.15634450932077379        2.4443605958991629E-003   5.3753705678876464E-005
   7.5199998319149017        1.0440806377263183E-002  0.15456694833959661        2.3890941875018296E-003   1.0901043780749955E-004
   7.5399998314678669        1.3508193206345248E-002  0.15217174142475387        2.3156239233297002E-003   1.8247128369995193E-004
   7.5599998310208321        1.6521595163815996E-002  0.14916846105779907        2.2251230105921282E-003   2.7296310675702811E-004
   7.5799998305737972        1.9468970804140114E-002  0.14556910956251073        2.1190365974583306E-003   3.7904082417246018E-004
   7.5999998301267624        2.2338542547012789E-002  0.14138807113874971        1.9990586958219102E-003   4.9901048312470065E-004
   7.6199998296797276        2.5118843740040073E-002  0.13664205437843621        1.8671051302979859E-003   6.3095631083655030E-004
   7.6399998292326927        2.7798764478857256E-002  0.13135002549337171        1.7252829454196589E-003   7.7277130655097591E-004
   7.6599998287856579        3.0367596001590572E-002  0.12553313252174586        1.5758567595543160E-003   9.2219088691581968E-004
   7.6799998283386230        3.2815073480264814E-002  0.11921462081621724        1.4212126028131636E-003   1.0768290475151791E-003
   7.6999998278915882        3.5131417038165622E-002  0.11241974015129505        1.2638198164008525E-003   1.2342164631095136E-003
   7.7199998274445534        3.7307370829254588E-002  0.10517564382123734        1.1061916218047174E-003   1.3918399181915163E-003
   7.7399998269975185        3.9334240023479773E-002   9.7511280131686584E-002   9.5084498946071969E-004   1.5471824382247180E-003
   7.7599998265504837        4.1203925550192477E-002   8.9457276718657164E-002   8.0026044771664990E-004   1.6977634807458044E-003
   7.7799998261034489        4.2908956460840142E-002   8.1045818157150507E-002   6.5684247386390616E-004   1.8411785445582749E-003
   7.7999998256564140        4.4442519781618707E-002   7.2310517348487188E-002   5.2288109971212202E-004   1.9751375645395701E-003
   7.8199998252093792        4.5798487736798378E-002   6.3286281200304537E-002   4.0051534478454553E-004   2.0975014789776716E-003
   7.8399998247623444        4.6971442233943589E-002   5.4009171135974060E-002   2.9169906102614803E-004   2.2063163855366996E-003
   7.8599998243153095        4.7956696513189706E-002   4.4516258990853180E-002   1.9816973440703076E-004   2.2998447404581819E-003
   7.8799998238682747        4.8750313874071700E-002   3.4845478871219152E-002   1.2142074158576804E-004   2.3765931028205075E-003
   7.8999998234212399        4.9349123405078105E-002   2.5035475567864861E-002   6.2677504624883420E-005   2.4353359808496275E-003
   7.9199998229742050        4.9750732653081116E-002   1.5125450130102636E-002   2.2877924504729819E-005   2.4751353995183514E-003
   7.9399998225271702        4.9953537182021793E-002   5.1550032172680092E-003   2.6574058566027849E-006   2.4953558769956335E-003
   7.9599998220801353        4.9956726982660127E-002  -4.8360231463047826E-003   2.3387120220090852E-006   2.4956745708200425E-003
   7.9799998216331005        4.9760289707782943E-002  -1.4807704780485287E-002   2.1926812413335643E-005   2.4760864318024889E-003
   7.9999998211860657        4.9365010719948005E-002  -2.4720194886525451E-002   6.1108804433372032E-005   2.4369042833805813E-003
   8.0199998207390308        4.8772469951580036E-002  -3.4533883274703178E-002   1.1925891118017862E-004   2.3787538251777776E-003
   8.0399998202919960        4.7985035589971956E-002  -4.4209554646157806E-002   1.9544847511357051E-004   2.3025636405708751E-003
   8.0599998198449612        4.7005854612432528E-002  -5.3708545296425249E-002   2.8846078808421690E-004   2.2095503678451443E-003
   8.0799998193979263        4.5838840209408198E-002  -6.2992897614488647E-002   3.9681052089988241E-004   2.1011992717436577E-003
   8.0999998189508915        4.4488656145842569E-002  -7.2025511759970767E-002   5.1876744215880594E-004   1.9792405256630159E-003
   8.1199998185038567        4.2960698123271669E-002  -8.0770293912371782E-002   6.5238404759037185E-004   1.8456215832388780E-003
   8.1399998180568218        4.1261072217137998E-002  -8.9192300499955357E-002   7.9552665870170447E-004   1.7024760805078771E-003
   8.1599998176097870        3.9396570475493782E-002  -9.7257877831952513E-002   9.4590949413264961E-004   1.5520897652305484E-003
   8.1799998171627522        3.7374643776606618E-002 -0.10493479657612216        1.1011311696553466E-003   1.3968639974282398E-003
   8.1999998167157173        3.5203372053934034E-002 -0.11219238054430633        1.2587130439761303E-003   1.2392774039677037E-003
   8.2199998162686825        3.2891432007453217E-002 -0.11900162927136450        1.4161387980260397E-003   1.0818462995009180E-003
   8.2399998158216476        3.0448062430376399E-002 -0.12533533389767393        1.5708946157322948E-003   9.2708450576409879E-004
   8.2599998153746128        2.7883027289811235E-002 -0.13116818589214302        1.7205093246611652E-003   7.7746321084435808E-004
   8.2799998149275780        2.5206576708900190E-002 -0.13647687818129489        1.8625938555660115E-003   6.3537150938166957E-004
   8.2999998144805431        2.2429406006358597E-002 -0.14124019828032452        1.9948793907525577E-003   5.0307825379807512E-004
   8.3199998140335083        1.9562612957093231E-002 -0.14543911305399387        2.1152535921129755E-003   3.8269582570903197E-004
   8.3399998135864735        1.6617653444691498E-002 -0.14905684476867695        2.2217943303466606E-003   2.7614640600786720E-004
   8.3599998131394386        1.3606295682997135E-002 -0.15207893813166867        2.3128003767890013E-003   1.8513128221314649E-004
   8.3799998126924038        1.0540573189705827E-002 -0.15449331804988617        2.3868185677726958E-003   1.1110368316754526E-004
   8.3999998122453690        7.4327366999007508E-003 -0.15629033787717744        2.4426670077748029E-003   5.5245574850051502E-005
   8.4199998117983341        4.2952052116836678E-003 -0.15746281795746031        2.4794539408571708E-003   1.8448787810474541E-005
   8.4399998113512993        1.1405163595249342E-003 -0.15800607430969224        2.4965919890781178E-003   1.3007775663440089E-006
   8.4599998109042645       -2.0187236863581323E-003 -0.15791793734006632        2.4938075305347383E-003   4.0752453218633671E-006
   8.4799998104572296       -5.1698905943915116E-003 -0.15719876050667866        2.4711450673065420E-003   2.6727768757977818E-005
   8.4999998100101948       -8.3003923185067715E-003 -0.15585141890206397        2.4289665135730832E-003   6.8896512641126217E-005
   8.5199998095631599       -1.1397719415889586E-002 -0.15388129775928308        2.3679454152932496E-003   1.2990800788334643E-004
   8.5399998091161251       -1.4449495034545040E-002 -0.15129627092751269        2.2890561937667269E-003   2.0878790675334178E-004
   8.5599998086690903       -1.7443524370930080E-002 -0.14810666940316869        2.1935585848565200E-003   3.0427654247923165E-004
   8.5799998082220554       -2.0367843400021471E-002 -0.14432524004233269        2.0829775223664784E-003   4.1484904476779820E-004
   8.5999998077750206       -2.3210766683095373E-002 -0.13996709461948634        1.9590787868145722E-003   5.3873969001709012E-004
   8.6199998073279858       -2.5960934062180547E-002 -0.13504964943613434        1.8238408084596239E-003   6.7397009738088621E-004
   8.6399998068809509       -2.8607356054596335E-002 -0.12959255572065870        1.6794230748465567E-003   8.1838082043444961E-004
   8.6599998064339161       -3.1139457766181485E-002 -0.12361762109754491        1.5281316473525538E-003   9.6966582997180036E-004
   8.6799998059868813       -3.3547121147739528E-002 -0.11714872243980695        1.3723823373779831E-003   1.1254093373011128E-003
   8.6999998055398464       -3.5820725425847279E-002 -0.11021171045286986        1.2146621301945982E-003   1.2831243700339417E-003
   8.7199998050928116       -3.7951185546468577E-002 -0.10283430637120938        1.0574894724425963E-003   1.4402924843824854E-003
   8.7399998046457767       -3.9929988477756626E-002  -9.5045991180564532E-002   9.0337405741091725E-004   1.5944039798337769E-003
   8.7599998041987419       -4.1749227226983182E-002  -8.6877887808406079E-002   7.5477675025204926E-004   1.7429979740502739E-003
   8.7799998037517071       -4.3401632435667532E-002  -7.8362636753441905E-002   6.1407029304554875E-004   1.8837016980807880E-003
   8.7999998033046722       -4.4880601426655987E-002  -6.9534265651156807E-002   4.8350141716929700E-004   2.0142683844183553E-003
   8.8199998028576374       -4.6180224587084866E-002  -6.0428053296614881E-002   3.6515496796308579E-004   2.1326131429135974E-003
   8.8399998024106026       -4.7295308981805936E-002  -5.1080388667900579E-002   2.6092061453439867E-004   2.2368462516844934E-003
   8.8599998019635677       -4.8221399102920719E-002  -4.1528625513550535E-002   1.7246267627436614E-004   2.3253033314431632E-003
   8.8799998015165329       -4.8954794672514089E-002  -3.1810933085053769E-002   1.0119354788207820E-004   2.3965719214280139E-003
   8.8999998010694981       -4.9492565427453519E-002  -2.1966143610900817E-002   4.8251147232469986E-005   2.4495140325907672E-003
   8.9199998006224632       -4.9832562827179815E-002  -1.2033597121681967E-002   1.4480746184475181E-005   2.4832843179248233E-003
   8.9399998001754284       -4.9973428637711224E-002  -2.0529842463187804E-003   4.2147443784376751E-007   2.4973435698084161E-003
   8.9599997997283936       -4.9914600357565522E-002   7.9358123923808331E-003   6.2977119265497398E-006   2.4914673288554800E-003
   8.9799997992813587       -4.9656313463924295E-002   1.7892877549057856E-002   3.2015507175626093E-005   2.4657494668275091E-003
   8.9999997988343239       -4.9199600470070264E-002   2.7778422857178370E-002   7.7164078793055327E-005   2.4206006864145382E-003
   9.0199997983872890       -4.8546286797870347E-002   3.7552945823082988E-002   1.4102237610053774E-004   2.3567419618610807E-003
   9.0399997979402542       -4.7698983481804520E-002   4.7177387677370376E-002   2.2257059412265009E-004   2.2751930251974604E-003
   9.0599997974932194       -4.6661076733701408E-002   5.6613289452843045E-002   3.2050645904305733E-004   2.1772560819483706E-003
   9.0799997970461845       -4.5436714409886295E-002   6.5822945665331520E-002   4.3326602406228534E-004   2.0644950163655690E-003
   9.0999997965991497       -4.4030789434824920E-002   7.4769554983293129E-002   5.5904864357044328E-004   1.9387104182538898E-003
   9.1199997961521149       -4.2448920247508362E-002   8.3417367284115793E-002   6.9584572683021640E-004   1.8019108301793253E-003
   9.1399997957050800       -4.0697428348721129E-002   9.1731826509497058E-002   8.4147281201576855E-004   1.6562806741992901E-003
   9.1599997952580452       -3.8783313038919402E-002   9.9679708749056739E-002   9.9360444843553776E-004   1.5041453702748157E-003
   9.1799997948110104       -3.6714223447672487E-002  0.10722925500041057        1.1498113299278313E-003   1.3479342033656241E-003
   9.1999997943639755       -3.4498427966443208E-002  0.11435029807520637        1.3075990864735991E-003   1.1901415321558708E-003
   9.2199997939169407       -3.2144781206859069E-002  0.12101438314401790        1.4644481145946935E-003   1.0332869588368400E-003
   9.2399997934699059       -2.9662688616513867E-002  0.12719488143841176        1.6178538105210624E-003   8.7987509596026134E-004
   9.2599997930228710       -2.7062068893699658E-002  0.13286709665584759        1.7653665636814459E-003   7.3235557280734666E-004
   9.2799997925758362       -2.4353314351264241E-002  0.13800836364223218        1.9046308719018706E-003   5.9308391989149284E-004
   9.2999997921288013       -2.1547249387984285E-002  0.14259813895780762        2.0334229537233841E-003   4.6428395618798910E-004
   9.3199997916817665       -1.8655087233406187E-002  0.14661808296448817        2.1496862572509745E-003   3.4801227968599450E-004
   9.3399997912347317       -1.5688385139005844E-002  0.15005213310664214        2.2515642985362671E-003   2.4612542826977943E-004
   9.3599997907876968       -1.2658998194726438E-002  0.15288656809250617        2.3374303051408780E-003   1.6025023529408721E-004
   9.3799997903406620       -9.5790319554461736E-003  0.15511006271978134        2.4059131915443498E-003   9.1757853203458943E-005
   9.3999997898936272       -6.4607940666829436E-003  0.15671373312634670        2.4559194516356330E-003   4.1741859972085526E-005
   9.4199997894465923       -3.3167450828415742E-003  0.15769117228528748        2.4866506187248031E-003   1.1000797944553761E-005
   9.4399997889995575       -1.5944867453558027E-004  0.15803847560241949        2.4976160142910321E-003   2.5423879811153404E-008
   9.4599997885525227        2.9984785760438547E-003  0.15775425651404162        2.4886405819134383E-003   8.9908737709939831E-006
   9.4799997881054878        6.1444175910931337E-003  0.15683965202260808        2.4598676813121631E-003   3.7753867533734746E-005
   9.4999997876584530        9.2657972230331363E-003  0.15529831814821965        2.4117567979045412E-003   8.5854998178368583E-005
   9.5199997872114182        1.2350144488716099E-002  0.15313641531413028        2.3450762044705375E-003   1.5252606889216465E-004
   9.5399997867643833        1.5385134411266972E-002  0.15036258372468833        2.2608906921262870E-003   2.3670236085275112E-004
   9.5599997863173485        1.8358639270392069E-002  0.14698790883412258        2.1605445665374553E-003   3.3703963586038184E-004
   9.5799997858703136        2.1258777064351954E-002  0.14302587704417921        2.0456401809080807E-003   4.5193560227181666E-004
   9.5999997854232788        2.4073958989946142E-002  0.13849232180766177        1.9180123485483056E-003   5.7955550144960866E-004
   9.6199997849762440        2.6792935750781524E-002  0.13340536035326339        1.7796990436179877E-003   7.1786140614550674E-004
   9.6399997845292091        2.9404842508779068E-002  0.12778532128455777        1.6329088579120033E-003   8.6464476296610048E-004
   9.6599997840821743        3.1899242299295277E-002  0.12165466334248133        1.4799857333507528E-003   1.0175616592691490E-003
   9.6799997836351395        3.4266167736374677E-002  0.11503788565594947        1.3233715333389028E-003   1.1741702513373648E-003
   9.6999997831881046        3.6496160841482564E-002  0.10796142983926255        1.1655670506621032E-003   1.3319697561673654E-003
   9.7199997827410698        3.8580310836566170E-002  0.10045357432753640        1.0090920745544315E-003   1.4884403842460650E-003
   9.7399997822940350        4.0510289750427225E-002   9.2544321372408755E-002   8.5644515458999429E-004   1.6410835756635691E-003
   9.7599997818470001        4.2278385696127296E-002   8.4265277149601150E-002   7.1006370389068297E-004   1.7874618970705012E-003
   9.7799997813999653        4.3877533686453973E-002   7.5649525457440442E-002   5.7228507872130504E-004   1.9252379624059032E-003
   9.7999997809529305        4.5301343864314274E-002   6.6731495511053313E-002   4.4530925594979778E-004   2.0522117559128444E-003
   9.8199997805058956        4.6544127035251841E-002   5.7546824360539983E-002   3.3116370433300749E-004   2.1663557614736615E-003
   9.8399997800588608        4.7600917400065279E-002   4.8132214482914840E-002   2.3167101055509873E-004   2.2658473373278376E-003
   9.8599997796118259        4.8467492396693831E-002   3.8525287116886138E-002   1.4841977695547828E-004   2.3490978192235745E-003
   9.8799997791647911        4.9140389572087842E-002   2.8764431926557574E-002   8.2739255638667429E-005   2.4147778872965595E-003
   9.8999997787177563        4.9616920416650154E-002   1.8888653594802799E-002   3.5678123994091138E-005   2.4618387916321947E-003
   9.9199997782707214        4.9895181105971895E-002   8.9374159593318993E-003   7.9877405220386611E-006   2.4895290975977349E-003
   9.9399997778236866        4.9974060106945002E-002  -1.0495156857130081E-003   1.1014831909710238E-007   2.4974066835725521E-003
   9.9599997773766518        4.9853242617863690E-002  -1.1032233492466622E-002   1.2171017764592522E-005   2.4853457995155804E-003
   9.9799997769296169        4.9533211824778510E-002  -2.0970846531376135E-002   4.3977641079570955E-005   2.4535390736783774E-003
