   0.0000000000000000        5.0000000745058060E-002   0.0000000000000000        0.0000000000000000        2.5000000745058065E-003
   1.9999999552965164E-002   4.9900000749528411E-002  -9.9999997764825821E-003   9.9999997019767743E-006   2.4900100748029359E-003
   3.9999999105930328E-002   4.9600200762918593E-002  -1.9979999554604291E-002   3.9920038815053694E-005   2.4601799157218302E-003
   5.9999998658895493E-002   4.9101400385145225E-002  -2.9900039337637720E-002   8.9401236571410526E-005   2.4109475197823397E-003
   7.9999998211860657E-002   4.8405196816841876E-002  -3.9720319048832831E-002   1.5777037688506900E-004   2.3430630788771989E-003
   9.9999997764825821E-002   4.7513980065758250E-002  -4.9401358051554392E-002   2.4404942137040751E-004   2.2575783016892722E-003
  0.11999999731779099        4.6430924972343884E-002  -5.8904153710699306E-002   3.4696993760762395E-004   2.1558307937874269E-003
  0.13999999687075615        4.5159980080052418E-002  -6.8190338359230745E-002   4.6499223148356166E-004   2.0394238008307314E-003
  0.15999999642372131        4.3705853388574641E-002  -7.7222334038773155E-002   5.9632889632557911E-004   1.9102016204235815E-003
  0.17999999597668648        4.2073995040753244E-002  -8.5963504390854109E-002   7.3897241972718634E-004   1.7702210586893286E-003
  0.19999999552965164        4.0270577006298949E-002  -9.4378303085529067E-002   8.9072642260325642E-004   1.6217193724202537E-003
  0.21999999508261681        3.8302469837566785E-002 -0.10243241818674968        1.0492400451934114E-003   1.4670791956577134E-003
  0.23999999463558197        3.6177216584513526E-002 -0.11009291186888741        1.2120449424379378E-003   1.3087909998028004E-003
  0.25999999418854713        3.3903003967494780E-002 -0.11732835491624885        1.3765943072481788E-003   1.1494136780199667E-003
  0.27999999374151230        3.1488630917726225E-002 -0.12410895545715074        1.5403033054188101E-003   9.9153387707278393E-004
  0.29999999329447746        2.8943474605982521E-002 -0.13040668140608741        1.7005902808756479E-003   8.3772472226715502E-004
  0.31999999284744263        2.6277454090395468E-002 -0.13619537611163823        1.8549180750594926E-003   6.9050459347284150E-004
  0.33999999240040779        2.3500991723998506E-002 -0.14145086673393503        2.0008347997929063E-003   5.5229661201144627E-004
  0.35999999195337296        2.0624972471906807E-002 -0.14615106490363872        2.1360134090758413E-003   4.2538948946691359E-004
  0.37999999150633812        1.7660701296683526E-002 -0.15027605924435206        2.2582894318523353E-003   3.1190037029067919E-004
  0.39999999105930328        1.4619858778487071E-002 -0.15380819937210630        2.3656962546605804E-003   2.1374027070290548E-004
  0.41999999061226845        1.1514455143988417E-002 -0.15673217101887726        2.4564973798337220E-003   1.3258267726292129E-004
  0.43999999016523361        8.3567828847602652E-003 -0.15903506196188558        2.5292151310103202E-003   6.9835820183022096E-005
  0.45999998971819878        5.1593681518434520E-003 -0.16070641847657474        2.5826553324413593E-003   2.6619079726256518E-005
  0.47999998927116394        1.9349211184646823E-003 -0.16173829206850315        2.6159275511040006E-003   3.7439197346806173E-006
  0.49999998882412910       -1.3037144926089988E-003 -0.16212527627777981        2.6284605599817571E-003   1.6996714782387393E-006
  0.51999998837709427       -4.5436125168591456E-003 -0.16186453338897144        2.6200127559641768E-003   2.0644414703359100E-005
  0.53999998793005943       -7.7718158877874118E-003 -0.16095581091945216        2.5906773454779436E-003   6.0401122193664834E-005
  0.55999998748302460       -1.0975388403374500E-002 -0.15940144779979923        2.5408821939293066E-003   1.2045915060492745E-004
  0.57999998703598976       -1.4141466512614104E-002 -0.15720637020089734        2.4713843200006537E-003   1.9998107512738612E-004
  0.59999998658895493       -1.7257310915015894E-002 -0.15437807700373665        2.3832591014504921E-003   2.9781478001752673E-004
  0.61999998614192009       -2.0310357766305451E-002 -0.15092661494931045        2.2778843439488633E-003   4.1251063259532415E-004
  0.63999998569488525       -2.3288269284710776E-002 -0.14686454354737333        2.1569194472784354E-003   5.4234348627720333E-004
  0.65999998524785042       -2.6178983554211433E-002 -0.14220688986394231        2.0222799826118613E-003   6.8533917993167273E-004
  0.67999998480081558       -2.8970763323931201E-002 -0.13697109334814864        1.8761080692549130E-003   8.3930512757123725E-004
  0.69999998435378075       -3.1652243606469045E-002 -0.13117694089921139        1.7207390080085287E-003   1.0018645253232605E-003
  0.71999998390674591       -3.4212477882372916E-002 -0.12484649241374517        1.5586646900274464E-003   1.1704936428518560E-003
  0.73999998345971107       -3.6640982723150785E-002 -0.11800399709217341        1.3924943537227494E-003   1.3425616149182343E-003
  0.75999998301267624       -3.8927780651164000E-002 -0.11067580082053985        1.2249133069794113E-003   1.5153721064251383E-003
  0.77999998256564140       -4.1063441061437084E-002 -0.10289024498034162        1.0586402669864403E-003   1.6862061918061172E-003
  0.79999998211860657       -4.3039119037820664E-002  -9.4677557074000676E-002   8.9638399470722777E-004   1.8523657675516970E-003
  0.81999998167157173       -4.4846591904031535E-002  -8.6069733587102959E-002   7.4079991501426671E-004   2.0112168054067466E-003
  0.83999998122453690       -4.6478293358835493E-002  -7.7100415540429790E-002   5.9444741650865136E-004   2.1602317535499714E-003
  0.85999998077750206       -4.7927345054000488E-002  -6.7804757214952951E-002   4.5974851694865809E-004   2.2970304039252251E-003
  0.87999998033046722       -4.9187585483593844E-002  -5.8219288561239396E-002   3.3894856110841309E-004   2.4194185657058520E-003
  0.89999997988343239       -5.0253596063689017E-002  -4.8381771830996692E-002   2.3407958803872011E-004   2.5254239173324203E-003
  0.91999997943639755       -5.1120724292543933E-002  -3.8331052992677347E-002   1.4692696454212623E-004   2.6133284521942914E-003
  0.93999997898936272       -5.1785103892771141E-002  -2.8106908515047629E-002   7.8999831804514909E-005   2.6816969851851009E-003
  0.95999997854232788       -5.2243671848895043E-002  -1.7749888122322484E-002   3.1505853304970273E-005   2.7294012482550283E-003
  0.97999997809529305       -5.2494182265936815E-002  -7.3011541417891575E-003   5.3306852596498958E-006   2.7556391717693950E-003
  0.99999997764825821       -5.2535216987234651E-002   3.1976819202860756E-003   1.0225169815691346E-006   2.7599490238958283E-003
   1.0199999772012234       -5.2366192922546621E-002   1.3704724926315144E-002   1.8781948810469207E-005   2.7422181612013720E-003
   1.0399999767541885       -5.1987366050544256E-002   2.4177963120665932E-002   5.8457390937511184E-005   2.7026862288732816E-003
   1.0599999763071537       -5.1399832073035619E-002   3.4575435943438732E-002   1.1954607884925887E-004   2.6419427371362609E-003
   1.0799999758601189       -5.0605523711604532E-002   4.4855401975087271E-002   2.0120071163279049E-004   2.5609190301257687E-003
   1.0999999754130840       -4.9607204650764153E-002   5.4976506340367645E-002   3.0224162944299959E-004   2.4608747532627968E-003
   1.1199999749660492       -4.8408460145145327E-002   6.4897946900918005E-002   4.2117435747142417E-004   2.3433790136241236E-003
   1.1399999745190144       -4.7013684321619058E-002   7.4579638569275936E-002   5.5621225720059149E-004   2.2102865134928495E-003
   1.1599999740719795       -4.5428064220534463E-002   8.3982375083320515E-002   7.0530394297340098E-004   2.0637090188250036E-003
   1.1799999736249447       -4.3657560633385474E-002   9.3067987588961953E-002   8.6616504429278234E-004   1.9059826004577290E-003
   1.1999999731779099       -4.1708885807148481E-002  0.10179949939036488        1.0363138230551690E-003   1.7396311552737519E-003
   1.2199999727308750       -3.9589478098206898E-002  0.11014127624103917        1.2131100912772387E-003   1.5673267760884038E-003
   1.2399999722838402       -3.7307473671146126E-002  0.11805917156571596        1.3937968198475066E-003   1.3918475917232614E-003
   1.2599999718368053       -3.4871675349713471E-002  0.12552066602198286        1.5755437833376478E-003   1.2160337416958142E-003
   1.2799999713897705       -3.2291518738843526E-002  0.13249500083211133        1.7554925507089951E-003   1.0427421824610826E-003
   1.2999999709427357       -2.9577035747802943E-002  0.13895330433928949        1.9308021074519136E-003   8.7480104362681313E-004
   1.3199999704957008       -2.6738815655164370E-002  0.14486871126848400        2.0986943817321211E-003   7.1496426264086317E-004
   1.3399999700486660       -2.3787963866433236E-002  0.15021647420029718        2.2564989457413086E-003   5.6586722491073333E-004
   1.3599999696016312       -2.0736058524682167E-002  0.15497406679634970        2.4016961737280073E-003   4.2998412313904400E-004
   1.3799999691545963       -1.7595105143456545E-002  0.15912127834679046        2.5319581600007925E-003   3.0958772500929094E-004
   1.3999999687075615       -1.4377489439464078E-002  0.16264029924438803        2.6451867332467618E-003   2.0671220258190111E-004
   1.4199999682605267       -1.1095928550117200E-002  0.16551579702516020        2.7395479473098479E-003   1.2311963038930598E-004
   1.4399999678134918       -7.7634208278278254E-003  0.16773498265251252        2.8135024824683212E-003   6.0270702949950877E-005
   1.4599999673664570       -4.3931944090307724E-003  0.16928766676023610        2.8658314544166906E-003   1.9300157115539239E-005
   1.4799999669194221       -9.9865476120918257E-004  0.17016630560931040        2.8956571996207763E-003   9.9731133208576949E-007
   1.4999999664723873        2.4066685843101279E-003  0.17036603655411167        2.9024586843656957E-003   5.7920536747053153E-006
   1.5199999660253525        5.8091759023510851E-003  0.16988470285518073        2.8860812694252668E-003   3.3746524664456546E-005
   1.5399999655783176        9.1952515323981254E-003  0.16872286771799225        2.8467406515180517E-003   8.4552650744070066E-005
   1.5599999651312828        1.2551318309364335E-002  0.16688381748002259        2.7850208951705939E-003   1.5753559130298440E-004
   1.5799999646842480        1.5863891949239411E-002  0.16437355391166433        2.7018665628160306E-003   2.5166306777714301E-004
   1.5999999642372131        1.9119635171984638E-002  0.16120077564001165        2.5985690454158328E-003   3.6556044910979202E-004
   1.6199999637901783        2.2305411344657775E-002  0.15737684874806709        2.4767472890936089E-003   4.9753137525438773E-004
   1.6399999633431435        2.5408337429235879E-002  0.15291576664532380        2.3383232037164428E-003   6.4558361091790896E-004
   1.6599999628961086        2.8415836021954119E-002  0.14783409934878350        2.1854921255929690E-003   8.0745973682658527E-004
   1.6799999624490738        3.1315686274186322E-002  0.14215093235610715        2.0206887870816638E-003   9.8067220682326157E-004
   1.6999999620020390        3.4096073488946797E-002  0.13588779533458992        1.8465493196052685E-003   1.1625422273636606E-003
   1.7199999615550041        3.6745637191978694E-002  0.12906858089083609        1.6658698821408252E-003   1.3502418526445280E-003
   1.7399999611079693        3.9253517482093728E-002  0.12171945372621668        1.4815625636178625E-003   1.5408386347170379E-003
   1.7599999606609344        4.1609399471920425E-002  0.11386875052225942        1.2966092538710388E-003   1.7313421244138517E-003
   1.7799999602138996        4.3803555637478703E-002  0.10554687093788952        1.1140142130780558E-003   1.9187514864856922E-003
   1.7999999597668648        4.5826885903000193E-002   9.6786160136755700E-002   9.3675609336052522E-004   2.1001034715665977E-003
   1.8199999593198299        4.7670955296125514E-002   8.7620783297592569E-002   7.6774017800858763E-004   2.2725199788451974E-003
   1.8399999588727951        4.9328029017998390E-002   7.8086592593543752E-002   6.0975160337301503E-004   2.4332544468004913E-003
   1.8599999584257603        5.0791104782806198E-002   6.8220987157466523E-002   4.6541031580907521E-004   2.5797363250579988E-003
   1.8799999579787254        5.2053942291947528E-002   5.8062766579328497E-002   3.3712849130816452E-004   2.7096129081334032E-003
   1.8999999575316906        5.3111089719199436E-002   4.7651978508771078E-002   2.2707110896366122E-004   2.8207878511608523E-003
   1.9199999570846558        5.3957907094965694E-002   3.7029760960639639E-002   1.3712032172346315E-004   2.9114557380689491E-003
   1.9399999566376209        5.4590586489867247E-002   2.6238179943664230E-002   6.8844209701469033E-005   2.9801321333076764E-003
   1.9599999561905861        5.5006168910539124E-002   1.5320063052422341E-002   2.3470433542756322E-005   3.0256786182147610E-003
   1.9799999557435513        5.5202557833475135E-002   4.3188296801424057E-003   1.8652290084019730E-006   3.0473223913581671E-003
   1.9999999552965164        5.5178529316061029E-002  -6.7216814752615196E-003   4.5181002528123271E-006   3.0446700974834065E-003
   2.0199999548494816        5.4933738637506294E-002  -1.7757386927361653E-002   3.1532479518674004E-005   3.0177156406938519E-003
   2.0399999544024467        5.4468723436170832E-002  -2.8744134245574669E-002   8.2622526583933423E-005   2.9668418327660658E-003
   2.0599999539554119        5.3784903323729802E-002  -3.9637878526985228E-002   1.5711614375321661E-004   2.8928158255429612E-003
   2.0799999535083771        5.2884575970673808E-002  -5.0394858791002438E-002   2.5396418304086873E-004   2.7967783755979696E-003
   2.0999999530613422        5.1770909671745004E-002  -6.0971773591116413E-002   3.7175572302422793E-004   2.6802270882399803E-003
   2.1199999526143074        5.0447932414007267E-002  -7.1325955139742075E-002   5.0873919524045447E-004   2.5449938848482452E-003
   2.1399999521672726        4.8920517484283457E-002  -8.1415541246677145E-002   6.6284904552615909E-004   2.3932170309300836E-003
   2.1599999517202377        4.7194365666608715E-002  -9.1199644379047581E-002   8.3173752588032923E-004   2.2273081506735755E-003
   2.1799999512732029        4.5275984094089970E-002 -0.10063851716074390        1.0128111287233961E-003   2.0499147356882880E-003
   2.1999999508261681        4.3172661833073153E-002 -0.10969371364222953        1.2032710991924816E-003   1.8638787297528914E-003
   2.2199999503791332        4.0892442290745908E-002 -0.11832824568718277        1.4001573936045994E-003   1.6721918365019844E-003
   2.2399999499320984        3.8444092550192370E-002 -0.12650673384065952        1.6003953945508964E-003   1.4779482520077564E-003
   2.2599999494850636        3.5837069749414606E-002 -0.13419555206426720        1.8008446462180207E-003   1.2842955682244074E-003
   2.2799999490380287        3.3081484632892628E-002 -0.14136296574714313        1.9983488382605140E-003   1.0943846255163112E-003
   2.2999999485909939        3.0188062415821771E-002 -0.14797926242724541        2.1897862434815136E-003   9.1131911242155097E-004
   2.3199999481439590        2.7168101112195805E-002 -0.15401687468549116        2.3721198041359681E-003   7.3810571804249490E-004
   2.3399999476969242        2.4033427488351189E-002 -0.15945049470551220        2.5424460640686556E-003   5.7760563683783455E-004
   2.3599999472498894        2.0796350813409178E-002 -0.16425718002411946        2.6980421591515594E-003   4.3248820715438460E-004
   2.3799999468028545        1.7469614587207770E-002 -0.16841645003185640        2.8364101063990820E-003   3.0518743382558250E-004
   2.3999999463558197        1.4066346434766785E-002 -0.17191037281913918        2.9553176723192071E-003   1.9786210202287627E-004
   2.4199999459087849        1.0600006364041232E-002 -0.17472364200129009        3.0528351529102863E-003   1.1236013491771462E-004
   2.4399999454617500        7.0843335906585212E-003 -0.17684364319512214        3.1273674604537726E-003   5.0187782423732655E-005
   2.4599999450147152        3.5332921394745486E-003 -0.17826050986047146        3.1776809849226599E-003   1.2484153342872633E-005
   2.4799999445676804       -3.8984561903970657E-005 -0.17896716826204129        3.2029247793006776E-003   1.5197960668445203E-009
   2.4999999441206455       -3.6182498780210769E-003 -0.17895937134995096        3.2026457071201047E-003   1.3091732179799538E-005
   2.5199999436736107       -7.1902007256943101E-003 -0.17823572140130481        3.1767972856823223E-003   5.1698986475774980E-005
   2.5399999432265759       -1.0740534673448579E-002 -0.17679768130973711        3.1257420582271223E-003   1.1535908507155118E-004
   2.5599999427795410       -1.4255007152542075E-002 -0.17464957445507062        3.0502474311859535E-003   2.0320522891902569E-004
   2.5799999423325062       -1.7719488550963287E-002 -0.17179857313077029        2.9514750169572670E-003   3.1398027450771902E-004
   2.5999999418854713       -2.1120020961789148E-002 -0.16825467555259810        2.8309636267156496E-003   4.4605528542641303E-004
   2.6199999414384365       -2.4442874358219530E-002 -0.16403067151759668        2.6906061599445254E-003   5.9745410689170586E-004
   2.6399999409914017       -2.7674601969441416E-002 -0.15914209682806638        2.5326207360223548E-003   7.6588359416701070E-004
   2.6599999405443668       -3.0802094634220869E-002 -0.15360717664036994        2.3595165067021163E-003   9.4876903385549807E-004
   2.6799999400973320       -3.3812633912763963E-002 -0.14744675794301926        2.1740546751866699E-003   1.1432942121185957E-003
   2.6999999396502972       -3.6693943741915765E-002 -0.14068423141239023        1.9792053263019537E-003   1.3464455073348791E-003
   2.7199999392032623       -3.9434240424163242E-002 -0.13334544293739825        1.7781007417128588E-003   1.5550593178307102E-003
   2.7399999387562275       -4.2022280747153744E-002 -0.12545859514637359        1.5739859330643851E-003   1.7658720791926081E-003
   2.7599999383091927       -4.4447408037511987E-002 -0.11705413931003322        1.3701671733783482E-003   1.9755720812530851E-003
   2.7799999378621578       -4.6699595960608895E-002 -0.10816465803368981        1.1699593421882583E-003   2.1808522628841186E-003
   2.7999999374151230       -4.8769489886575132E-002  -9.8824739189507127E-002   9.7663292214037497E-004   2.3784631437967539E-003
   2.8199999369680882       -5.0648445652227800E-002  -8.9070841575553117E-002   7.9336149371973558E-004   2.5652650469866730E-003
   2.8399999365210533       -5.2328565558654408E-002  -7.8941152822467872E-002   6.2317057017998768E-004   2.7382787734263922E-003
   2.8599999360740185       -5.3802731454935061E-002  -6.8475440100615181E-002   4.6888859668427825E-004   2.8947339120118589E-003
   2.8799999356269836       -5.5064634769840373E-002  -5.7714894210489753E-002   3.3310090633639262E-004   3.0321140023359134E-003
   2.8999999351799488       -5.6108803365274129E-002  -4.6701967666785173E-002   2.1810738164499798E-004   3.1481978150829973E-003
   2.9199999347329140       -5.6930625097690563E-002  -3.5480207411773504E-002   1.2588451367407215E-004   3.2410960740137944E-003
   2.9399999342858791       -5.7526367986656418E-002  -2.4094082816401595E-002   5.8052483541411263E-005   3.3092830137362085E-003
   2.9599999338388443       -5.7893196903097924E-002  -1.2588809647675147E-002   1.5847813070690700E-005   3.3516222476608669E-003
   2.9799999333918095       -5.8029186703518996E-002  -1.0101706983934849E-003   1.0204448550985940E-007   3.3673865094718657E-003
   2.9999999329447746       -5.7933331750545866E-002   1.0595666209959189E-002   1.1226814410579660E-005   3.3562709277188056E-003
   3.0199999324977398       -5.7605551774488409E-002   2.2182332128431410E-002   4.9205586598824406E-005   3.3183995952432645E-003
   3.0399999320507050       -5.7046694045154195E-002   3.3703442054134294E-002   1.1359220232229449E-004   3.2543253014814312E-003
   3.0599999316036701       -5.6258531837848305E-002   4.5112780438134145E-002   2.0351629891855901E-004   3.1650224045501915E-003
   3.0799999311566353       -5.5243759192283449E-002   5.6364486386545086E-002   3.1769553729593501E-004   3.0518729296950022E-003
   3.0999999307096004       -5.4005981977950437E-002   6.7413237813403706E-002   4.5445447002055153E-004   2.9166460894027076E-003
   3.1199999302625656       -5.2549705294300537E-002   7.8214433806617883E-002   6.1174977468476293E-004   2.7614715265178377E-003
   3.1399999298155308       -5.0880317248808565E-002   8.8724374473952178E-002   7.8720147430962561E-004   2.5888066833394062E-003
   3.1599999293684959       -4.9004069170560202E-002   9.8900437544625991E-002   9.7812966922711415E-004   2.4013987952730487E-003
   3.1799999289214611       -4.6928052331380241E-002  0.10870125101362926        1.1815962147999591E-003   2.2022420956167624E-003
   3.1999999284744263       -4.4660171260632403E-002  0.11808686113026408        1.3944506979387617E-003   1.9945308970290166E-003
   3.2199999280273914       -4.2209113753618702E-002  0.12701889504964636        1.6133799940045428E-003   1.7816092838659234E-003
   3.2399999275803566       -3.9584317686932123E-002  0.13546071748588770        1.8349606255221920E-003   1.5669182067399672E-003
   3.2599999271333218       -3.6795934767114985E-002  0.14337758072834797        2.0557130961839057E-003   1.3539408153857813E-003
   3.2799999266862869       -3.3854791351494988E-002  0.15073676740761990        2.2721573387076725E-003   1.1461468974532599E-003
   3.2999999262392521       -3.0772346492059992E-002  0.15750772542568106        2.4808683938449929E-003   9.4693730862739688E-004
   3.3199999257922173       -2.7560647364642039E-002  0.16366219449482122        2.6785314305992967E-003   7.5958928315815021E-004
   3.3399999253451824       -2.4232282256464521E-002  0.16917432376240682        2.8619952246938161E-003   5.8720350335696528E-004
   3.3599999248981476       -2.0800331295218983E-002  0.17402078003315516        3.0283232334603095E-003   4.3265378199086623E-004
   3.3799999244511127       -1.7278315112238388E-002  0.17818084613722440        3.1748414403265472E-003   2.9854017311780543E-004
   3.3999999240040779       -1.3680141640982205E-002  0.18163650903093861        3.2991821904562691E-003   1.8714627531733530E-004
   3.4199999235570431       -1.0020051259910115E-002  0.18437253725721006        3.3993233001199945E-003   1.0040142725122628E-004
   3.4399999231100082       -6.3125604958615229E-003  0.18637654743453688        3.4736217951228149E-003   3.9848420013911477E-005
   3.4599999226629734       -2.5724045102483873E-003  0.18763905948667695        3.5208417169690981E-003   6.6172649643462456E-006
   3.4799999222159386        1.1855214043177977E-003  0.18815354036956072        3.5401755281127172E-003   1.4054610000956433E-006
   3.4999999217689037        4.9462210849305138E-003  0.18791643609752998        3.5312587481795615E-003   2.4465103021011190E-005
   3.5199999213218689        8.6946572812956948E-003  0.18692719191739610        3.4941775598796051E-003   7.5597065239188239E-005
   3.5399999208748341        1.2415811722554543E-002  0.18518826052591719        3.4294692347645712E-003   1.5415238072992281E-004
   3.5599999204277992        1.6094745228322254E-002  0.18270509827391129        3.3381153432697520E-003   2.5904082396460199E-004
   3.5799999199807644        1.9716657623586938E-002  0.17948614934816204        3.2215278287875773E-003   3.8874658784574889E-004
   3.5999999195337296        2.3266947217416852E-002  0.17554281797034518        3.0815281400153210E-003   5.4135083281806181E-004
   3.6199999190866947        2.6731269606688802E-002  0.17088942870021406        2.9203197276647086E-003   7.1456077478548451E-004
   3.6399999186396599        3.0095595568272793E-002  0.16554317497803978        2.7404543190169403E-003   9.0574487260904101E-004
   3.6599999181926250        3.3346267806281152E-002  0.15952405608861486        2.5447924850167162E-003   1.1119735766082228E-003
   3.6799999177455902        3.6470056325103258E-002  0.15285480277580768        2.3364591079790597E-003   1.3300650083562040E-003
   3.6999999172985554        3.9454212203985352E-002  0.14556079178251011        2.1187944420076230E-003   1.5566348606371066E-003
   3.7199999168515205        4.2286519554860146E-002  0.13766994963566981        1.8953015315109796E-003   1.7881497360635694E-003
   3.7399999164044857        4.4955345451961504E-002  0.12921264603975691        1.6695908145383921E-003   2.0209830847051960E-003
   3.7599999159574509        4.7449687629449261E-002  0.12022157728430803        1.4453227860096725E-003   2.2514728561323100E-003
   3.7799999155104160        4.9759219751789735E-002  0.11073164011194589        1.2261496304592035E-003   2.4759799503069019E-003
   3.7999999150633812        5.1874334070955937E-002  0.10077979653232301        1.0156567540441073E-003   2.6909465353051401E-003
   3.8199999146163464        5.3786181294592304E-002   9.0404930104625719E-002   8.1730515090102176E-004   2.8929532982547509E-003
   3.8399999141693115        5.5486707500093296E-002   7.9647694246445536E-002   6.3437552933045920E-004   3.0787747092009096E-003
   3.8599999137222767        5.6968687941031257E-002   6.8550353159835056E-002   4.6991509883609133E-004   3.2454314057226001E-003
   3.8799999132752419        5.8225757604492702E-002   5.7156615996078602E-002   3.2668788008034750E-004   3.3902388486171395E-003
   3.8999999128282070        5.9252438390595345E-002   4.5511464908995755E-002   2.0712934690274293E-004   3.5108514552312973E-003
   3.9199999123811722        6.0044162798712303E-002   3.3660977672341746E-002   1.1330614347418205E-004   3.6053014861982665E-003
   3.9399999119341373        6.0597294018671900E-002   2.1652145559963157E-002   4.6881541433572619E-005   3.6720320423853691E-003
   3.9599999114871025        6.0909142339378317E-002   9.5326872077137938E-003   9.0872126754210392E-006   3.7099236205186481E-003
   3.9799999110400677        6.0977977801853329E-002  -2.6491408063534019E-003   7.0179471164623127E-007   3.7183137768033174E-003
   3.9999999105930328        6.0803039038575958E-002  -1.4844735912402734E-002   2.2036618759269147E-005   3.6970095563265918E-003
   4.0199999101459980        6.0384538256135149E-002  -2.7005343267099989E-002   7.2928857584114918E-005   3.6462924604066492E-003
   4.0399999096989632        5.9723662333551607E-002  -3.9082250468427157E-002   1.5274223244372405E-004   3.5669158425320909E-003
   4.0599999092519283        5.8822570024106700E-002  -5.1026982490161521E-002   2.6037529808501926E-004   3.4600947442409362E-003
   4.0799999088048935        5.7684385264078292E-002  -6.2791496056720575E-002   3.9427720357930365E-004   3.3274883032946129E-003
   4.0999999083578587        5.6313186607362224E-002  -7.4328372679754076E-002   5.5247070675449618E-004   3.1711749858756000E-003
   4.1199999079108238        5.4713992820492850E-002  -8.5591009581660590E-002   7.3258210303711537E-004   2.9936210103609431E-003
   4.1399999074637890        5.2892744688003236E-002  -9.6533807738108157E-002   9.3187761752786143E-004   2.7976424406302948E-003
   4.1599999070167542        5.0856283093324350E-002 -0.10711235628162716        1.1473057039164103E-003   2.5863615300683483E-003
   4.1799999065697193        4.8612323455450648E-002 -0.11728361252138320        1.3755445971038067E-003   2.3631579917373574E-003
   4.1999999061226845        4.6169426616336981E-002 -0.12700607685028328        1.6130543797263895E-003   2.1316159540813256E-003
   4.2199999056756496        4.3536966288378609E-002 -0.13623996182956166        1.8561327475905749E-003   1.8954674335954155E-003
   4.2399999052286148        4.0725093185304644E-002 -0.14494735476286172        2.1009735965820350E-003   1.6585332149517467E-003
   4.2599999047815800        3.7744695973328128E-002 -0.15309237309649706        2.3437275049559667E-003   1.4246620741189726E-003
   4.2799999043345451        3.4607359192388679E-002 -0.16064131200994280        2.5805631508809663E-003   1.1976693102710091E-003
   4.2999999038875103        3.1325318309742826E-002 -0.16756278359057564        2.8077286863006255E-003   9.8127556720670910E-004
   4.3199999034404755        2.7911412079952496E-002 -0.17382784701913240        3.0216120849562178E-003   7.7904692429691812E-004
   4.3399999029934406        2.4379032396444348E-002 -0.17941012922716668        3.2187994948947138E-003   5.9433722058688308E-004
   4.3599999025464058        2.0742071830216910E-002 -0.18428593552481759        3.3961306538320122E-003   4.3023354380987785E-004
   4.3799999020993710        1.7014869060915004E-002 -0.18843434973632051        3.5507504689652994E-003   2.8950576916008264E-004
   4.3999999016523361        1.3212152414331813E-002 -0.19183732342173285        3.6801559206000489E-003   1.7456097141953396E-004
   4.4199999012053013        9.3489817284014703E-003 -0.19447975380616100        3.7822375204102296E-003   8.7403459357984542E-005
   4.4399999007582664        5.4406887768751579E-003 -0.19634955008218596        3.8553146391963494E-003   2.9601094366815303E-005
   4.4599999003112316        1.5028164861013581E-003 -0.19743768779702470        3.8981641143507103E-003   2.2584573908980335E-006
   4.4799998998641968       -2.4489428143706646E-003 -0.19773825108304810        3.9100416524024172E-003   5.9973209080577111E-006
   4.4999998994171619       -6.3988098622989346E-003 -0.19724846253842002        3.8906956553529312E-003   4.0944767653854112E-005
   4.5199998989701271       -1.0330981405928599E-002 -0.19596870061363508        3.8403732192456731E-003   1.0672917680964246E-004
   4.5399998985230923       -1.4229693369016158E-002 -0.19390250440942117        3.7598181776502151E-003   2.0248417337622240E-004
   4.5599998980760574       -1.8079283985481684E-002 -0.19105656584163741        3.6502611895131223E-003   3.2686050942769447E-004
   4.5799998976290226       -2.1864256651089747E-002 -0.18744070917924224        3.5134019981154954E-003   4.7804571890472223E-004
   4.5999998971819878       -2.5569342240186310E-002 -0.18306785801192571        3.3513841136469731E-003   6.5379126259577588E-004
   4.6199998967349529       -2.9179560637154843E-002 -0.17795398975439489        3.1667622941391627E-003   8.5144675897739640E-004
   4.6399998962879181       -3.2680281234895268E-002 -0.17211807784436858        2.9624633162281550E-003   1.0680007815918478E-003
   4.6599998958408833       -3.6057282156265864E-002 -0.16558202184087659        2.7417406365463715E-003   1.3001275964965686E-003
   4.6799998953938484       -3.9296807959048295E-002 -0.15837056567827110        2.5081236446995122E-003   1.5442391157703215E-003
   4.6999998949468136       -4.2385625590583009E-002 -0.15051120437924548        2.2653622981256283E-003   1.7965412567050854E-003
   4.7199998944997787       -4.5311078364755758E-002 -0.14203407957692640        2.0173680061875915E-003   2.0530938225770375E-003
   4.7399998940527439       -4.8061137741472096E-002 -0.13297186424156909        1.7681516943353411E-003   2.3098729610047533E-003
   4.7599998936057091       -5.0624452697106810E-002 -0.12335963705135805        1.5217600280202702E-003   2.5628352108816050E-003
   4.7799998931586742       -5.2990396483628611E-002 -0.11323474688911825        1.2822108094106971E-003   2.8079821194921593E-003
   4.7999998927116394       -5.5149110584140786E-002 -0.10263666798720174        1.0534285772488170E-003   3.0414243982217893E-003
   4.8199998922646046       -5.7091545683408657E-002  -9.1606846281266474E-002   8.3918144106473621E-004   3.2594445885207376E-003
   4.8399998918175697       -5.8809499483521564E-002  -8.0188537569949897E-002   6.4302016534247355E-004   3.4585572295023231E-003
   4.8599998913705349       -6.0295651207117086E-002  -6.8426638111410490E-002   4.6822048730002231E-004   3.6355655544903203E-003
   4.8799998909235001       -6.1543592643529772E-002  -5.6367508319224671E-002   3.1772960414632622E-004   3.7876137954727320E-003
   4.8999998904764652       -6.2547855606765526E-002  -4.4058790249054208E-002   1.9411770271359456E-004   3.9122342410047896E-003
   4.9199998900294304       -6.3303935688293539E-002  -3.1549219593718938E-002   9.9535327180461829E-005   4.0073882736276047E-003
   4.9399998895823956       -6.3808312202234138E-002  -1.8888432927711300E-002   3.5677290378097894E-005   4.0715007060977823E-003
   4.9599998891353607       -6.4058464235546647E-002  -6.1267709626734394E-003   3.7537322988408117E-006   4.1034868402168093E-003
   4.9799998886883259       -6.4052882731226515E-002   6.6849214071631451E-003   4.4688174885853771E-006   4.1027717861802562E-003
   4.9999998882412910       -6.3791078548244895E-002   1.9495497476177289E-002   3.8007442750718524E-005   4.0693017023483496E-003
   5.0199998877942562       -6.3273586457944508E-002   3.2253712710545702E-002   1.0403019991161248E-004   4.0035467432509783E-003
   5.0399998873472214       -6.2501965052779038E-002   4.4908429530709656E-002   2.0167670729668861E-004   3.9064956354588117E-003
   5.0599998869001865       -6.1478792559585736E-002   5.7408822075589540E-002   3.2957729012175394E-004   3.7796419345845745E-003
   5.0799998864531517       -6.0207658565947363E-002   6.9704580129453991E-002   4.8587285634241688E-004   3.6249621499936948E-003
   5.0999998860061169       -5.8693151684564078E-002   8.1746111394061460E-002   6.6824268276262225E-004   3.4448860546672472E-003
   5.1199998855590820       -5.6940843196853851E-002   9.3484741293676232E-002   8.7393969849727359E-004   3.2422596239686974E-003
   5.1399998851120472       -5.4957266733165429E-002  0.10487290950880467        1.0998327312729777E-003   3.0203011667802914E-003
   5.1599998846650124       -5.2749894062956264E-002  0.11586436244597421        1.3424550685053470E-003   2.7825513236531085E-003
   5.1799998842179775       -5.0327107083994550E-002  0.12641434086554815        1.5980585814600280E-003   2.5328177074438545E-003
   5.1999998837709427       -4.7698166115026669E-002  0.13647976190738090        1.8626725687855216E-003   2.2751150507366782E-003
   5.2199998833239079       -4.4873174611346267E-002  0.14601939477500719        2.1321663968176946E-003   2.0136017997003713E-003
   5.2399998828768730       -4.1863040437248485E-002  0.15499402936294526        2.4023149496134356E-003   1.7525141546507017E-003
   5.2599998824298382       -3.8679433843393278E-002  0.16336663713849101        2.6688658527631386E-003   1.4960986024454372E-003
   5.2799998819828033       -3.5334742310578197E-002  0.17110252361898542        2.9276074025032955E-003   1.2485440141549650E-003
   5.2999998815357685       -3.1842022434278347E-002  0.17816947181783671        3.1744361160874748E-003   1.0139143927050856E-003
   5.3199998810887337       -2.8214949036496881E-002  0.18453787606745084        3.4054228210933382E-003   7.9608334913211628E-004
   5.3399998806416988       -2.4467761702933216E-002  0.19018086566453246        3.6168762203867486E-003   5.9867136275152538E-004
   5.3599998801946640       -2.0615208954170957E-002  0.19507441782282009        3.8054029055961396E-003   4.2498684022413042E-004
   5.3799998797476292       -1.6672490269468800E-002  0.19919745946005901        3.9679628446614382E-003   2.7797193178553183E-004
   5.3999998793005943       -1.2655196190764401E-002  0.20253195738973304        4.1019194375350254E-003   1.6015399062673782E-004
   5.4199998788535595       -8.5792467426356704E-003  0.20506299653359736        4.2050833173944398E-003   7.3603474671024756E-005
   5.4399998784065247       -4.4608284111714806E-003  0.20677884581820413        4.2757491715044909E-003   1.9898990113914676E-005
   5.4599998779594898       -3.1632993095417460E-004  0.20767101146720265        4.3127249646457101E-003   1.0006462521747287E-007
   5.4799998775124550        3.8377228653779009E-003  0.20773427745103665        4.3153530671141980E-003   1.4728116791444366E-005
   5.4999998770654202        7.9847328762609124E-003  0.20696673290655432        4.2835229168307638E-003   6.3755959105241857E-005
   5.5199998766183853        1.2108097977069993E-002  0.20536978639079304        4.2176749790682503E-003   1.4660603662232645E-004
   5.5399998761713505        1.6191277418567664E-002  0.20294816688559139        4.1187959055970259E-003   2.6215746444501912E-004
   5.5599998757243156        2.0217858112647605E-002  0.19970991152251227        3.9884049354648315E-003   4.0876178666315058E-004
   5.5799998752772808        2.4171620540005427E-002  0.19566634005061753        3.8285317199299573E-003   5.8426723953001222E-004
   5.5999998748302460        2.8036604015349579E-002  0.19083201612270906        3.6416858920111364E-003   7.8605116471351611E-004
   5.6199998743832111        3.1797171047806723E-002  0.18522469552852810        3.4308188344867778E-003   1.0110600866434780E-003
   5.6399998739361763        3.5438070537270300E-002  0.17886526155587415        3.1992782268180867E-003   1.2558568434045453E-003
   5.6599998734891415        3.8944499551578783E-002  0.17177764771245430        2.9507560693320966E-003   1.5166740453229201E-003
   5.6799998730421066        4.2302163434576670E-002  0.16398874809229766        2.6892309901605698E-003   1.7894730312456354E-003
   5.6999998725950718        4.5497334001287595E-002  0.15552831572055800        2.4189057351318610E-003   2.0700074012247201E-003
   5.7199998721480370        4.8516905583593312E-002  0.14642884925928204        2.1441408214899417E-003   2.3538901274073078E-003
   5.7399998717010021        5.1348448697936637E-002  0.13672546850404249        1.8693854016210046E-003   2.6366631836846309E-003
   5.7599998712539673        5.3980261115621778E-002  0.12645577914703091        1.5991064317968078E-003   2.9138685901107086E-003
   5.7799998708069324        5.6401416126235969E-002  0.11565972732609082        1.3377172724481083E-003   3.1811197410448310E-003
   5.7999998703598976        5.8601807795524964E-002  0.10437944452106693        1.0895068600875659E-003   3.4341718769036506E-003
   5.8199998699128628        6.0572193030679886E-002   9.2659083398579423E-002   8.5857058642018825E-004   3.6689905685459447E-003
   5.8399998694658279        6.2304230278389043E-002   8.0544645243741442E-002   6.4874399741105481E-004   3.8818171105825302E-003
   5.8599998690187931        6.3790514694128081E-002   6.8083799652266311E-002   4.6354038441628371E-004   4.0692297649417702E-003
   5.8799998685717583        6.5024609634953739E-002   5.5325697188717063E-002   3.0609328150290677E-004   4.2281998581781190E-003
   5.8999998681247234        6.6001074342477206E-002   4.2320775746197400E-002   1.7910480864486260E-004   4.3561418143612026E-003
   5.9199998676776886        6.6715487697665277E-002   2.9120561369448274E-002   8.4800710710809351E-005   4.4509562987373272E-003
   5.9399998672306538        6.7164467944594103E-002   1.5777464326984330E-002   2.4892838429858505E-005   4.5110657542804088E-003
   5.9599998667836189        6.7345688296198150E-002   2.3445712384797830E-003   5.4970143742185187E-007   4.5354417320886808E-003
   5.9799998663365841        6.7257888351355474E-002  -1.1124565918995376E-002   1.2375596873018103E-005   4.5236235454833981E-003
   5.9999998658895493        6.6900881269263690E-002  -2.4576143088156158E-002   6.0398681808963048E-005   4.4757279146041169E-003
   6.0199998654425144        6.6275556663923638E-002  -3.7956318843558497E-002   1.4406821616217105E-004   4.3924494111129532E-003
   6.0399998649954796        6.5383879198593078E-002  -5.1211429682551851E-002   2.6226105692108949E-004   4.2750516590562126E-003
   6.0599998645484447        6.4228882877232510E-002  -6.4288205035122614E-002   4.1329733682240663E-004   4.1253493956572513E-003
   6.0799998641014099        6.2814661047171330E-002  -7.7133981132026658E-002   5.9496511339325532E-004   3.9456816424710229E-003
   6.0999998636543751        6.1146352144406120E-002  -8.9696912873455242E-002   8.0455362989160519E-004   3.7388763805677187E-003
   6.1199998632073402        5.9230121230035057E-002 -0.10192618284676065        1.0388946904518657E-003   3.5082072609246497E-003
   6.1399998627603054        5.7073137383265110E-002 -0.11377220665146888        1.2944115199226885E-003   3.2573430107690534E-003
   6.1599998623132706        5.4683547033132988E-002 -0.12518683370289391        1.5671743566083186E-003   2.9902903161248677E-003
   6.1799998618662357        5.2070443327490501E-002 -0.13612354270209634        1.8529619153882283E-003   2.7113310683214002E-003
   6.1999998614192009        4.9243831653852835E-002 -0.14653763097963940        2.1473277613101738E-003   2.4249549559529986E-003
   6.2199998609721661        4.6214591442330089E-002 -0.15638639694351483        2.4456705513407890E-003   2.1357884621814893E-003
   6.2399998605251312        4.2994434395994506E-002 -0.16562931488765531        2.7433070358938677E-003   1.8485213890314755E-003
   6.2599998600780964        3.9595859308616817E-002 -0.17422820144652071        3.0355466631621095E-003   1.5678320743877771E-003
   6.2799998596310616        3.6032103643675442E-002 -0.18214737301323194        3.3177665990007199E-003   1.2983124929885691E-003
   6.2999998591840267        3.2317092061845035E-002 -0.18935379347350695        3.5854859637086556E-003   1.0443944393337674E-003
   6.3199998587369919        2.8465382096751448E-002 -0.19581721164509486        3.8344380947835668E-003   8.1027797791405787E-004
   6.3399998582899570        2.4492107190586501E-002 -0.20151028785236152        4.0606396715424055E-003   5.9986331463517898E-004
   6.3599998578429222        2.0412917312159901E-002 -0.20640870910799841        4.2604555830487653E-003   4.1668719319307742E-004
   6.3799998573958874        1.6243917390080905E-002 -0.21049129241834230        4.4306584844163634E-003   2.6386485217577287E-004
   6.3999998569488525        1.2001603802967263E-002 -0.21374007577533186        4.5684820673201464E-003   1.4403849384339828E-004
   6.4199998565018177        7.7027991768346534E-003 -0.21614039644650640        4.6716671672185602E-003   5.9333115158644613E-005
   6.4399998560547829        3.3645857470913881E-003 -0.21768095622448300        4.7384999408896789E-003   1.1320437249530515E-005
   6.4599998556077480       -9.9576245118039412E-004 -0.21835387334883316        4.7678414716902009E-003   9.9154285918078679E-007
   6.4799998551607132       -5.3608482957616128E-003 -0.21815472086601609        4.7591482945297751E-003   2.8738694450170188E-005
   6.4999998547136784       -9.7132209196067153E-003 -0.21708255124680520        4.7124834758036551E-003   9.4346660633085530E-005
   6.5199998542666435       -1.4035445406818049E-002 -0.21513990713525299        4.6285180331868203E-003   1.9699372776776987E-004
   6.5399998538196087       -1.8310172564207593E-002 -0.21233281815846161        4.5085226338936538E-003   3.3526241933106045E-004
   6.5599998533725739       -2.2520208489510987E-002 -0.20867078378204151        4.3543496653060173E-003   5.0715979041104269E-004
   6.5799998529255390       -2.6648583657574304E-002 -0.20416674225192794        4.1684059262906059E-003   7.1014701095473631E-004
   6.5999998524785042       -3.0678621247204826E-002 -0.19883702571896050        3.9536163385897292E-003   9.4117780162944736E-004
   6.6199998520314693       -3.4594004433859724E-002 -0.19270130169809307        3.7133792229476106E-003   1.1967451427699063E-003
   6.6399998515844345       -3.8378842376933599E-002 -0.18578250106906655        3.4515138217793345E-003   1.4729355421935141E-003
   6.6599998511373997       -4.2017734635084930E-002 -0.17810673287962447        3.1722008769748664E-003   1.7654900238644156E-003
   6.6799998506903648       -4.5495833748796240E-002 -0.16970318626566400        2.8799171857859743E-003   2.0698708884981068E-003
   6.6999998502433300       -4.8798905736172217E-002 -0.16060401985487513        2.5793651577900481E-003   2.3813332010478219E-003
   6.7199998497962952       -5.1913388255819065E-002 -0.15084423907122085        2.2753984800036420E-003   2.6949998801994129E-003
   6.7399998493492603       -5.4826446199487774E-002 -0.14046156180684191        1.9729450639208992E-003   3.0059392028653274E-003
   6.7599998489022255       -5.7526024486970244E-002 -0.12949627297543320        1.6769284964409726E-003   3.3092434932755002E-003
   6.7799998484551907       -6.0000897846473264E-002 -0.11799106850664143        1.3921892454791312E-003   3.6001077423829199E-003
   6.7999998480081558       -6.2240717375319693E-002 -0.10599088938438829        1.1234068799894300E-003   3.8739068993944225E-003
   6.8199998475611210       -6.4236053688294867E-002  -9.3542746373053820E-002   8.7502455294022905E-004   4.1262705934455007E-003
   6.8399998471140862       -6.5978436474220026E-002  -8.0695536113990732E-002   6.5117696457573098E-004   4.3531540795826874E-003
   6.8599998466670513       -6.7460390295342926E-002  -6.7499849310724377E-002   4.5562297248636106E-004   4.5509042587999976E-003
   6.8799998462200165       -6.8675466478833838E-002  -5.4007771754274861E-002   2.9168394533261437E-004   4.7163196960854298E-003
   6.8999998457729816       -6.9618270965005058E-002  -4.0272678970180185E-002   1.6218886956032179E-004   4.8467036521568667E-003
   6.9199998453259468       -7.0284487992774508E-002  -2.6349025295875704E-002   6.9427114438814380E-005   4.9399092524064639E-003
   6.9399998448789120       -7.0670899519306107E-002  -1.2292128220981037E-002   1.5109641845255048E-005   4.9943760388678603E-003
   6.9599998444318771       -7.0775400287616738E-002   1.8420511563409583E-003   3.3931525131389736E-007   5.0091572858723798E-003
   6.9799998439848423       -7.0597008473175224E-002   1.5997130686546492E-002   2.5590819401577664E-005   4.9839376053615742E-003
   6.9999998435378075       -7.0135871858065038E-002   3.0116531855192842E-002   9.0700550450028029E-005   4.9190405212909197E-003
   7.0199998430907726       -6.9393269499069030E-002   4.4143705704252890E-002   1.9486667823410866E-004   4.8154258517704241E-003
   7.0399998426437378       -6.8371608873991935E-002   5.8022359087046560E-002   3.3665942041923366E-004   4.6746769000181329E-003
   7.0599998421967030       -6.7074418508591555E-002   7.1696680352436773E-002   5.1404140501576303E-004   4.4989776182656890E-003
   7.0799998417496681       -6.5506336104572446E-002   8.5111563554411726E-002   7.2439783586203540E-004   4.2910800698452113E-003
   7.0999998413026333       -6.3673092207131854E-002   9.8212830287265990E-002   9.6457601767683371E-004   4.0542626712179149E-003
   7.1199998408555984       -6.1581489468467247E-002  0.11094744825429086        1.2309336457561951E-003   3.7922798451549425E-003
   7.1399998404085636       -5.9239377581382958E-002  0.12326374568916645        1.5193951227731014E-003   3.5093038562296580E-003
   7.1599998399615288       -5.6655623974601936E-002  0.13511162076407529        1.8255150337518236E-003   3.2098597279514897E-003
   7.1799998395144939       -5.3840080378524703E-002  0.14644274513687838        2.1445477922787236E-003   2.8987542551660007E-003
   7.1999998390674591       -5.0803545386913333E-002  0.15721076081144347        2.4715223683198419E-003   2.5810002238801631E-003
   7.2199998386204243       -4.7557723156245582E-002  0.16737146951031023        2.8013209223470047E-003   2.2617370318060975E-003
   7.2399998381733894       -4.4115178400217087E-002  0.17688301378722671        3.1287601032673812E-003   1.9461489652829803E-003
   7.2599998377263546       -4.0489287852003931E-002  0.18570604913858643        3.4486737200555501E-003   1.6393824307624331E-003
   7.2799998372793198       -3.6694188381371971E-002  0.19380390640731851        3.7559954698423606E-003   1.3464634609676137E-003
   7.2999998368322849       -3.2744721967474244E-002  0.20114274381019989        4.0458403990372895E-003   1.0722168167271904E-003
   7.3199998363852501       -2.8656377741156584E-002  0.20769168795972756        4.3135837890334906E-003   8.2118798524385452E-004
   7.3399998359382153       -2.4445231322741245E-002  0.21342296329445223        4.5549361940123477E-003   5.9756933442232962E-004
   7.3599998354911804       -2.0127881692528316E-002  0.21831200937686931        4.7660134148357607E-003   4.0513162142841657E-004
   7.3799998350441456       -1.5721385841598379E-002  0.22233758556541058        4.9434002691680305E-003   2.4716197278040996E-004
   7.3999998345971107       -1.1243191459873752E-002  0.22548186261659681        5.0842071126655725E-003   1.2640935420337807E-004
   7.4199998341500759       -6.7110679267606077E-003  0.22773050082480326        5.1861181778707537E-003   4.5038432717594922E-005
   7.4399998337030411       -2.1430358770145102E-003  0.22907271436015403        5.2474309246256850E-003   4.5926027701713509E-006
   7.4599998332560062        2.4427043792836461E-003  0.22950132151959007        5.2670857364095179E-003   5.9668046845715031E-006
   7.4799998328089714        7.0278452986129881E-003  0.22901278066193290        5.2446854488029607E-003   4.9390609541236678E-005
   7.4999998323619366        1.1594045119715514E-002  0.22760721165457182        5.1805043569124352E-003   1.3442188223799915E-004
   7.5199998319149017        1.6123001162201285E-002  0.22528840271701109        5.0754865155088584E-003   2.5995116647634401E-004
   7.5399998314678669        2.0596523115427354E-002  0.22206380260469655        4.9312333162068647E-003   4.2421676444433329E-004
   7.5599998310208321        2.4996606024475471E-002  0.21794449813506714        4.7499804975148522E-003   6.2483031274284339E-004
   7.5799998305737972        2.9305502680678906E-002  0.21294517711641128        4.5345649132842586E-003   8.5881248736727851E-004
   7.5999998301267624        3.3505795125945356E-002  0.20708407679861851        4.2883815502554766E-003   1.1226383070218236E-003
   7.6199998296797276        3.7580464983086245E-002  0.20038291802306707        4.0153314433770213E-003   1.4122913483449716E-003
   7.6399998292326927        4.1512962328483206E-002  0.19286682530644611        3.7197612858074817E-003   1.7233260412860658E-003
   7.6599998287856579        4.5287272828685707E-002  0.18456423315004514        3.4063956665856721E-003   2.0509370802598145E-003
   7.6799998283386230        4.8887982868921258E-002  0.17550677892172448        3.0802629906474021E-003   2.3900348689919384E-003
   7.6999998278915882        5.2300342408988162E-002  0.16572918271218406        2.7466162411726195E-003   2.7353258160974056E-003
   7.7199998274445534        5.5510325310561832E-002  0.15526911462005435        2.4108498314140189E-003   3.0813962160844018E-003
   7.7399998269975185        5.8504686889548442E-002  0.14416704997152613        2.0784138607200307E-003   3.4227983880441015E-003
   7.7599998265504837        6.1271018457726478E-002  0.13246611302951031        1.7547271362621714E-003   3.7541377028470586E-003
   7.7799998261034489        6.3797798629488339E-002  0.12021190979446966        1.4450903471768949E-003   4.0701591099687445E-003
   7.7999998256564140        6.6074441181985147E-002  0.10745235054390263        1.1546007809458655E-003   4.3658317775116147E-003
   7.8199998252093792        6.8091339270340973E-002   9.4237462799798541E-002   8.8806995272761469E-004   4.6364304836286783E-003
   7.8399998247623444        6.9839905813785949E-002   8.0619195453050352E-002   6.4994547723465563E-004   4.8776124440784926E-003
   7.8599998243153095        7.1312609883505351E-002   6.6651214810640999E-002   4.4423845019308963E-004   5.0854883283970248E-003
   7.8799998238682747        7.2503008938656868E-002   5.2388693365260267E-002   2.7445752334166225E-004   5.2566863051589580E-003
   7.8999998234212399        7.3405776773308215E-002   3.7888092117718396E-002   1.4355075457114438E-004   5.3884080636927558E-003
   7.9199998229742050        7.4016727053929324E-002   2.3206937309972402E-002   5.3856194733418736E-005   5.4784758837758728E-003
   7.9399998225271702        7.4332832344470093E-002   8.4035924506541213E-003   7.0620367129016400E-006   5.5253699643510994E-003
   7.9599998220801353        7.4352238533898704E-002  -6.4629734644171474E-003   4.1770026624182078E-006   5.5282553750017711E-003
   7.9799998216331005        7.4074274599295220E-002  -2.1333420617229551E-002   4.5511484201337444E-005   5.4869981574117927E-003
   7.9999998211860657        7.3499457656119163E-002  -3.6148274985192248E-002   1.3066978038763901E-004   5.4021702757436540E-003
   8.0199998207390308        7.2629493266024442E-002  -5.0848165968802456E-002   2.5855360209183691E-004   5.2750432920794900E-003
   8.0399998202919960        7.1467270991505349E-002  -6.5374064080875455E-002   4.2737683181345198E-004   5.1075708229732621E-003
   8.0599998198449612        7.0016855205648876E-002  -7.9667517746703873E-002   6.3469134784977562E-004   4.9023600128888000E-003
   8.0799998193979263        6.8283471184264311E-002  -9.3670888266167429E-002   8.7742354393191178E-004   4.6626324369722543E-003
   8.0999998189508915        6.6273486526586614E-002 -0.10732758199426880        1.1519210028386095E-003   4.3921750163896578E-003
   8.1199998185038567        6.3994387969527652E-002 -0.12058227880581017        1.4540086178666302E-003   4.0952816915944259E-003
   8.1399998180568218        6.1454753679005603E-002 -0.13338115592292035        1.7790533020433986E-003   3.7766867497472526E-003
   8.1599998176097870        5.8664221120141184E-002 -0.14567210620084789        2.1220362841199150E-003   3.4414908396328192E-003
   8.1799998171627522        5.5633450625997768E-002 -0.15740494998779361        2.4776318649855724E-003   3.0950808285553316E-003
   8.1999998167157173        5.2374084801987415E-002 -0.16853163969849166        2.8402914002698607E-003   2.7430447588457692E-003
   8.2199998162686825        4.8898703919996594E-002 -0.17900645626867182        3.2043311863350459E-003   2.3910832450554902E-003
   8.2399998158216476        4.5220777472634470E-002 -0.18878619668834740        3.5640228591132172E-003   2.0449187152295251E-003
   8.2599998153746128        4.1354612073706998E-002 -0.19783035184595324        3.9136848694678135E-003   1.7102039397667926E-003
   8.2799998149275780        3.7315295906007434E-002 -0.20610127395257877        4.2477735757843506E-003   1.3924313085528952E-003
   8.2999998144805431        3.3118639931726625E-002 -0.21356433285575963        4.5609724947763544E-003   1.0968443109273572E-003
   8.3199998140335083        2.8781116094166725E-002 -0.22018806059535187        4.8482782751192097E-003   8.2835264362590287E-004
   8.3399998135864735        2.4319792751934063E-002 -0.22594428359974919        5.1050820052120378E-003   5.9145231949702455E-004
   8.3599998131394386        1.9752267598339319E-002 -0.23080824196893943        5.3272445354613776E-003   3.9015207527640534E-004
   8.3799998126924038        1.5096598329297830E-002 -0.23475869534144142        5.5111645859643212E-003   2.2790728111615803E-004
   8.3999998122453690        1.0371231332555375E-002 -0.23777801489482256        5.6538385209810044E-003   1.0756243935337834E-004
   8.4199998117983341        5.5949286795252164E-003 -0.23985226108406194        5.7529108004387517E-003   3.1303226928973783E-005
   8.4399998113512993        7.8669370837421127E-004 -0.24097124677828152        5.8067142639147296E-003   6.1888699079556854E-007
   8.4599998109042645       -4.0343045067918444E-003 -0.24112858551409505        5.8142995618426386E-003   1.6275612853520986E-005
   8.4799998104572296       -8.8488075007482122E-003 -0.24032172464279458        5.7754532195896761E-003   7.8301394185297828E-005
   8.4999998100101948       -1.3637544272225284E-002 -0.23855196320857369        5.6907039998645662E-003   1.8598261377690464E-004
   8.5199998095631599       -1.8381308342836990E-002 -0.23582445445573624        5.5613174148046477E-003   3.3787249639444873E-004
   8.5399998091161251       -2.3061034712035518E-002 -0.23214819292412026        5.3892784280999617E-003   5.3181132198970712E-004
   8.5599998086690903       -2.7657876400064615E-002 -0.22753598615353124        5.1772625766332188E-003   7.6495812696125113E-004
   8.5799998082220554       -3.2153280271915677E-002 -0.22200441107958555        4.9285959273211617E-003   1.0338334322443619E-003
   8.5999998077750206       -3.6529061837552820E-002 -0.21557375526476302        4.6472044651439358E-003   1.3343723587317577E-003
   8.6199998073279858       -4.0767478727158607E-002 -0.20826794316941519        4.3375536798364606E-003   1.6619873217693295E-003
   8.6399998068809509       -4.4851302544849432E-002 -0.20011444772772485        4.0045792786101127E-003   2.0116393399696171E-003
   8.6599998064339161       -4.8763888810202792E-002 -0.19114418755292320        3.6536100979697402E-003   2.3779168518938210E-003
   8.6799998059868813       -5.2489244704005844E-002 -0.18139141015420193        3.2902844168020491E-003   2.7551208095970055E-003
   8.6999998055398464       -5.6012094342850795E-002 -0.17089356160447611        2.9204609833045465E-003   3.1373547126724178E-003
   8.7199998050928116       -5.9317941316536400E-002 -0.15969114315322858        2.5501261581583343E-003   3.5186181620320560E-003
   8.7399998046457767       -6.2393128232651640E-002 -0.14782755533187439        2.1852986441033254E-003   3.8929024506561111E-003
   8.7599998041987419       -6.5224893024177596E-002 -0.13534893015020907        1.8319333165785505E-003   4.2542866700154116E-003
   8.7799998037517071       -6.7801421788403149E-002 -0.12230395203133687        1.4958256905378943E-003   4.5970327965289496E-003
   8.7999998033046722       -7.0111897938861523E-002 -0.10874366817881620        1.1825185545193476E-003   4.9156782325893347E-003
   8.8199998028576374       -7.2146547466305902E-002  -9.4721289113418233E-002   8.9721227450028089E-004   5.2051243113079302E-003
   8.8399998024106026       -7.3896680119898486E-002  -8.0291980157690707E-002   6.4468021737078350E-004   5.4607193327426001E-003
   8.8599998019635677       -7.5354726335728359E-002  -6.5512644684284166E-002   4.2919066774836585E-004   5.6783347811325130E-003
   8.8799998015165329       -7.6514269756439129E-002  -5.0441699978574950E-002   2.5443651346425628E-004   5.8544334763611355E-003
   8.8999998010694981       -7.7370075203069766E-002  -3.5138846597362848E-002   1.2347385585920366E-004   5.9861285369286711E-003
   8.9199998006224632       -7.7918111978125815E-002  -1.9664832133200867E-002   3.8670562858933216E-005   6.0712321742357536E-003
   8.9399998001754284       -7.8155572397331272E-002  -4.0812103181108693E-003   1.6656277908852500E-006   6.1082934967544899E-003
   8.9599997997283936       -7.8080885466391262E-002   1.1549903579051002E-002   1.3340027467319410E-005   6.0966246752157099E-003
   8.9799997992813587       -7.7693725638348629E-002   2.7166080090581329E-002   7.3799591848487526E-005   6.0363150035669909E-003
   8.9999997988343239       -7.6995016606666300E-002   4.2704824639387698E-002   1.8237020746561330E-004   5.9282325822608197E-003
   9.0199997983872890       -7.5986930108934286E-002   5.8103827387063392E-002   3.3760548073327940E-004   5.7740135473800637E-003
   9.0399997979402542       -7.4672879736007933E-002   7.3301212842703509E-002   5.3730678842762720E-004   5.5760389680683045E-003
   9.0599997974932194       -7.3057509761351752E-002   8.8235788233548801E-002   7.7855544412094694E-004   5.3373997325300068E-003
   9.0799997970461845       -7.1146679025311674E-002  0.10284728964149829        1.0577565144220243E-003   5.0618499363307241E-003
   9.0999997965991497       -6.8947439928888757E-002  0.11707662491647657        1.3706936306082606E-003   4.7537494727477236E-003
   9.1199997961521149       -6.6468012611257954E-002  0.13086611238855586        1.7125939626890516E-003   4.4179967004903467E-003
   9.1399997957050800       -6.3717754404689630E-002  0.14415971441558217        2.0782023570058493E-003   4.0599522263763451E-003
   9.1599997952580452       -6.0707124679608773E-002  0.15690326482178585        2.4618634878581700E-003   3.6853549868655646E-003
   9.1799997948110104       -5.7447645211191917E-002  0.16904468930540428        2.8576107408177843E-003   3.3002319403109817E-003
   9.1999997943639755       -5.3951856217078605E-002  0.18053421791962437        3.2592604325518068E-003   2.9108027892683231E-003
   9.2199997939169407       -5.0233268233388605E-002  0.19132458876106745        3.6605098810050044E-003   2.5233812374075688E-003
   9.2399997934699059       -4.6306310013217507E-002  0.20137124203347817        4.0550377722353356E-003   2.1442743470402080E-003
   9.2599997930228710       -4.2186272648061608E-002  0.21063250369111278        4.4366052272292325E-003   1.7796815999365910E-003
   9.2799997925758362       -3.7889250128132289E-002  0.21906975790641287        4.7991559544304299E-003   1.4355952752721727E-003
   9.2999997921288013       -3.3432076572196330E-002  0.22664760764974243        5.1369138818811392E-003   1.1177037439291987E-003
   9.3199997916817665       -2.8832260371361877E-002  0.23333402271509332        5.4444766967697922E-003   8.3129923812200451E-004
   9.3399997912347317       -2.4107915504062796E-002  0.23910047457454861        5.7169037793659404E-003   5.8119158995103128E-004
   9.3599997907876968       -1.9277690291323826E-002  0.24392205749574319        5.9497971019545496E-003   3.7162934296820093E-004
   9.3799997903406620       -1.4360693872166052E-002  0.24777759541037797        6.1393737702186927E-003   2.0622952849006759E-004
   9.3999997898936272       -9.3764206886913035E-003  0.25064973407781566        6.2825290129449466E-003   8.7917264931318303E-005
   9.4199997894465923       -4.3446732789245270E-003  0.25252501814569411        6.3768885739713572E-003   1.8876185900600801E-005
   9.4399997889995575        7.1451631714179937E-004  0.25339395276910870        6.4208496256734429E-003   5.1053356746188042E-007
   9.4599997885525227        5.7809662266989428E-003  0.25325104951100391        6.4136095034127228E-003   3.3419570514233810E-005
   9.4799997881054878        1.0834425171942727E-002  0.25209485630873568        6.3551817524317954E-003   1.1738476880642620E-004
   9.4999997876584530        1.5854653336369939E-002  0.24992797135506989        6.2463991796446634E-003   2.5137003241646643E-004
   9.5199997872114182        2.0821503346962110E-002  0.24675704080592228        6.0889038094612954E-003   4.3353500162755435E-004
   9.5399997867643833        2.5715001048559755E-002  0.24259274029166214        5.8851238519169614E-003   6.6126127892742923E-004
   9.5599997863173485        3.0515425746913939E-002  0.23744974027354188        5.6382379996135412E-003   9.3119120851541820E-004
   9.5799997858703136        3.5203389598380361E-002  0.23134665535151672        5.3521275739862604E-003   1.2392786392153546E-003
   9.5999997854232788        3.9759915826990490E-002  0.22430597769412633        5.0313172379042584E-003   1.5808509065693688E-003
   9.6199997849762440        4.4166515453686196E-002  0.21635399482496268        4.6809051774229192E-003   1.9506810873207016E-003
   9.6399997845292091        4.8405262227825367E-002  0.20752069206329160        4.3064838276143588E-003   2.3430694113445371E-003
   9.6599997840821743        5.2458865457636929E-002  0.19783963997837384        3.9140523730011824E-003   2.7519325651024530E-003
   9.6799997836351395        5.6310740444101504E-002  0.18734786727769545        3.5099223896520176E-003   3.1708994893629690E-003
   9.6999997831881046        5.9945076231728948E-002  0.17608571960842284        3.1006181112044205E-003   3.5934121644277950E-003
   9.7199997827410698        6.3346900399863501E-002  0.16409670480870267        2.6927728930328924E-003   4.0128297902702267E-003
   9.7399997822940350        6.6502140629432424E-002  0.15142732520070115        2.2930235159126029E-003   4.4225347082968072E-003
   9.7599997818470001        6.9397682792421964E-002  0.13812689757029423        1.9079040116694399E-003   4.8160383769576195E-003
   9.7799997813999653        7.2021425324768309E-002  0.12424736152886286        1.5437407076919238E-003   5.1870857058111779E-003
   9.7999997809529305        7.4362329657738757E-002  0.10984307700051062        1.2065501744730088E-003   5.5297560721262132E-003
   9.8199997805058956        7.6410466498194496E-002   9.4970611623005394E-002   9.0194172064475152E-004   5.8385593904717037E-003
   9.8399997800588608        7.8157057764311880E-002   7.9688518892668828E-002   6.3502601379334853E-004   6.1085256783739838E-003
   9.8599997796118259        7.9594514000330144E-002   6.4057107922121909E-002   4.1033131364905025E-004   6.3352866589487513E-003
   9.8799997791647911        8.0716467111624571E-002   4.8138205715081213E-002   2.3172868839977425E-004   6.5151480629819713E-003
   9.8999997787177563        8.1517798279805653E-002   3.1994912894140831E-002   1.0236744663575973E-004   6.6451514363870855E-003
   9.9199997782707214        8.1994660936543701E-002   1.5691353845534616E-002   2.4621858917471683E-005   6.7231244220987653E-003
   9.9399997778236866        8.2144498694341248E-002  -7.0757773086630241E-004   5.0066625267841391E-008   6.7477186657446311E-003
   9.9599997773766518        8.1966058152443941E-002  -1.7136476857710352E-002   2.9365884347070014E-005   6.7184346890498221E-003
   9.9799997769296169        8.1459396516416566E-002  -3.3529687877504426E-002   1.1242399859153484E-004   6.6356332808187790E-003
