0,0.05,0
0.02,0.0499,-0.00999
0.02,0.0496,-0.01994
0.04,0.049102,-0.02981
0.06,0.048408,-0.039561
0.08,0.04752,-0.049154
0.1,0.046442,-0.05855
0.12,0.045178,-0.067712
0.14,0.043733,-0.076603
0.16,0.042114,-0.085188
0.18,0.040326,-0.093432
0.2,0.038377,-0.1013
0.22,0.036274,-0.10877
0.24,0.034026,-0.1158
0.26,0.031642,-0.12236
0.28,0.029131,-0.12844
0.3,0.026504,-0.134
0.32,0.023771,-0.13903
0.34,0.020943,-0.1435
0.36,0.018031,-0.1474
0.38,0.015047,-0.15071
0.4,0.012003,-0.15341
0.42,0.0089103,-0.15551
0.44,0.0057823,-0.15697
0.46,0.0026313,-0.15782
0.48,-0.0005303,-0.15803
0.5,-0.0036898,-0.1576
0.52,-0.0068345,-0.15655
0.54,-0.0099518,-0.15487
0.56,-0.013029,-0.15257
0.58,-0.016055,-0.14967
0.6,-0.019016,-0.14616
0.62,-0.021901,-0.14207
0.64,-0.024699,-0.13741
0.66,-0.027397,-0.1322
0.68,-0.029987,-0.12646
0.7,-0.032456,-0.12022
0.72,-0.034795,-0.11349
0.74,-0.036995,-0.10631
0.76,-0.039048,-0.098707
0.78,-0.040944,-0.090708
0.8,-0.042676,-0.082346
0.82,-0.044238,-0.073654
0.84,-0.045622,-0.064668
0.86,-0.046824,-0.055424
0.88,-0.047839,-0.045957
0.9,-0.048663,-0.036307
0.92,-0.049291,-0.026512
0.94,-0.049723,-0.01661
0.96,-0.049956,-0.0066424
0.98,-0.049989,0.003352
1,-0.049822,0.013333
1.02,-0.049455,0.023261
1.04,-0.048891,0.033095
1.06,-0.048132,0.042798
1.08,-0.047179,0.052329
1.1,-0.046038,0.061651
1.12,-0.044713,0.070726
1.14,-0.043209,0.079518
1.16,-0.041533,0.087992
1.18,-0.03969,0.096115
1.2,-0.037688,0.10385
1.22,-0.035536,0.11117
1.24,-0.033241,0.11805
1.26,-0.030814,0.12446
1.28,-0.028263,0.13037
1.3,-0.025599,0.13575
1.32,-0.022833,0.14059
1.34,-0.019975,0.14488
1.36,-0.017038,0.14858
1.38,-0.014032,0.15168
1.4,-0.01097,0.15418
1.42,-0.0078647,0.15607
1.44,-0.0047276,0.15733
1.46,-0.0015716,0.15796
1.48,0.0015907,0.15795
1.5,0.0047466,0.15732
1.52,0.0078835,0.15606
1.54,0.010989,0.15417
1.56,0.01405,0.15167
1.58,0.017056,0.14856
1.6,0.019993,0.14485
1.62,0.02285,0.14057
1.64,0.025615,0.13572
1.66,0.028278,0.13033
1.68,0.030829,0.12442
1.7,0.033255,0.11801
1.72,0.035549,0.11113
1.74,0.037701,0.10381
1.76,0.039701,0.096067
1.78,0.041543,0.087942
1.8,0.043219,0.079466
1.82,0.044722,0.070672
1.84,0.046046,0.061595
1.86,0.047186,0.052272
1.88,0.048137,0.04274
1.9,0.048895,0.033037
1.92,0.049458,0.023201
1.94,0.049823,0.013273
1.96,0.049989,0.0032919
1.98,0.049955,-0.0067025
2,0.049721,-0.01667
2.02,0.049288,-0.026571
2.04,0.048658,-0.036366
2.06,0.047834,-0.046015
2.08,0.046818,-0.05548
2.1,0.045614,-0.064723
2.12,0.044229,-0.073708
2.14,0.042666,-0.082397
2.16,0.040933,-0.090757
2.18,0.039036,-0.098754
2.2,0.036983,-0.10636
2.22,0.034782,-0.11353
2.24,0.032441,-0.12025
2.26,0.029971,-0.1265
2.28,0.027382,-0.13223
2.3,0.024682,-0.13744
2.32,0.021884,-0.14209
2.34,0.018998,-0.14618
2.36,0.016037,-0.14969
2.38,0.013011,-0.15259
2.4,0.0099332,-0.15488
2.42,0.0068156,-0.15656
2.44,0.0036708,-0.15761
2.46,0.00051126,-0.15803
2.48,-0.0026503,-0.15781
2.5,-0.0058012,-0.15697
2.52,-0.008929,-0.15549
2.54,-0.012021,-0.1534
2.56,-0.015065,-0.15069
2.58,-0.018049,-0.14738
2.6,-0.02096,-0.14348
2.62,-0.023788,-0.139
2.64,-0.02652,-0.13397
2.66,-0.029147,-0.12841
2.68,-0.031657,-0.12233
2.7,-0.03404,-0.11576
2.72,-0.036287,-0.10872
2.74,-0.038389,-0.10126
2.76,-0.040337,-0.093384
2.78,-0.042124,-0.085137
2.8,-0.043743,-0.076551
2.82,-0.045186,-0.067658
2.84,-0.046449,-0.058494
2.86,-0.047526,-0.049097
2.88,-0.048413,-0.039503
2.9,-0.049106,-0.029751
2.92,-0.049603,-0.01988
2.94,-0.049901,-0.0099299
2.96,-0.05,6.0175e-05
2.98,-0.049899,0.01005
3,-0.049598,0.02
3.02,-0.049099,0.029869
3.04,-0.048403,0.03962
3.06,-0.047514,0.049211
3.08,-0.046435,0.058606
3.1,-0.04517,0.067767
3.12,-0.043724,0.076656
3.14,-0.042104,0.085239
3.16,-0.040315,0.093481
3.18,-0.038364,0.10135
3.2,-0.036261,0.10881
3.22,-0.034012,0.11584
3.24,-0.031627,0.1224
3.26,-0.029116,0.12848
3.28,-0.026488,0.13404
3.3,-0.023754,0.13906
3.32,-0.020926,0.14353
3.34,-0.018013,0.14742
3.36,-0.015029,0.15073
3.38,-0.011984,0.15343
3.4,-0.0088915,0.15552
3.42,-0.0057634,0.15698
3.44,-0.0026123,0.15782
3.46,0.00054933,0.15803
3.48,0.0037087,0.1576
3.5,0.0068533,0.15654
3.52,0.0099705,0.15486
3.54,0.013048,0.15256
3.56,0.016073,0.14965
3.58,0.019034,0.14614
3.6,0.021918,0.14204
3.62,0.024715,0.13738
3.64,0.027413,0.13216
3.66,0.030002,0.12642
3.68,0.03247,0.12018
3.7,0.034809,0.11345
3.72,0.037008,0.10627
3.74,0.03906,0.09866
3.76,0.040955,0.090658
3.78,0.042686,0.082294
3.8,0.044246,0.073601
3.82,0.04563,0.064613
3.84,0.046831,0.055367
3.86,0.047845,0.0459
3.88,0.048667,0.036249
3.9,0.049295,0.026452
3.92,0.049725,0.01655
3.94,0.049957,0.0065823
3.96,0.049988,-0.0034122
3.98,0.04982,-0.013393
4,0.049453,-0.02332
4.02,0.048887,-0.033154
4.04,0.048126,-0.042856
4.06,0.047173,-0.052386
4.08,0.046031,-0.061706
4.1,0.044705,-0.07078
4.12,0.0432,-0.07957
4.14,0.041522,-0.088042
4.16,0.039678,-0.096162
4.18,0.037676,-0.1039
4.2,0.035522,-0.11122
4.22,0.033227,-0.11809
4.24,0.030799,-0.12449
4.26,0.028247,-0.1304
4.28,0.025583,-0.13578
4.3,0.022816,-0.14062
4.32,0.019958,-0.1449
4.34,0.01702,-0.1486
4.36,0.014014,-0.1517
4.38,0.010952,-0.1542
4.4,0.0078459,-0.15608
4.42,0.0047087,-0.15733
4.44,0.0015526,-0.15796
4.46,-0.0016097,-0.15795
4.48,-0.0047655,-0.15732
4.5,-0.0079023,-0.15605
4.52,-0.011007,-0.15416
4.54,-0.014069,-0.15165
4.56,-0.017073,-0.14854
4.58,-0.02001,-0.14483
4.6,-0.022867,-0.14054
4.62,-0.025632,-0.13569
4.64,-0.028294,-0.1303
4.66,-0.030844,-0.12438
4.68,-0.03327,-0.11797
4.7,-0.035562,-0.11109
4.72,-0.037713,-0.10376
4.74,-0.039713,-0.096019
4.76,-0.041554,-0.087892
4.78,-0.043229,-0.079414
4.8,-0.04473,-0.070618
4.82,-0.046053,-0.06154
4.84,-0.047192,-0.052215
4.86,-0.048142,-0.042682
4.88,-0.048899,-0.032978
4.9,-0.049461,-0.023142
4.92,-0.049825,-0.013213
4.94,-0.04999,-0.0032317
4.96,-0.049954,0.0067627
4.98,-0.049719,0.01673
5,-0.049285,0.02663
5.02,-0.048654,0.036424
5.04,-0.047828,0.046072
5.06,-0.046811,0.055536
5.08,-0.045607,0.064778
5.1,-0.04422,0.073761
5.12,-0.042656,0.082448
5.14,-0.040922,0.090806
5.16,-0.039024,0.098801
5.18,-0.03697,0.1064
5.2,-0.034768,0.11357
5.22,-0.032427,0.12029
5.24,-0.029956,0.12653
5.26,-0.027366,0.13226
5.28,-0.024666,0.13747
5.3,-0.021867,0.14212
5.32,-0.018981,0.1462
5.34,-0.016019,0.1497
5.36,-0.012993,0.15261
5.38,-0.0099145,0.1549
5.4,-0.0067967,0.15657
5.42,-0.0036518,0.15761
5.44,-0.00049222,0.15803
5.46,0.0026693,0.15781
5.48,0.0058202,0.15696
5.5,0.0089477,0.15548
5.52,0.01204,0.15338
5.54,0.015083,0.15067
5.56,0.018066,0.14736
5.58,0.020977,0.14345
5.6,0.023805,0.13898
5.62,0.026536,0.13394
5.64,0.029162,0.12837
5.66,0.031671,0.12229
5.68,0.034054,0.11572
5.7,0.0363,0.10868
5.72,0.038401,0.10121
5.74,0.040348,0.093335
5.76,0.042134,0.085087
5.78,0.043752,0.076498
5.8,0.045194,0.067604
5.82,0.046456,0.058439
5.84,0.047532,0.04904
5.86,0.048418,0.039445
5.88,0.04911,0.029692
5.9,0.049605,0.019821
5.92,0.049902,0.0098699
5.94,0.05,-0.00012035
5.96,0.049898,-0.01011
5.98,0.049596,-0.020059
6,0.049095,-0.029929
6.02,0.048398,-0.039678
6.04,0.047508,-0.049269
6.06,0.046428,-0.058662
6.08,0.045162,-0.067821
6.1,0.043715,-0.076709
6.12,0.042093,-0.085289
6.14,0.040303,-0.093529
6.16,0.038352,-0.10139
6.18,0.036247,-0.10885
6.2,0.033998,-0.11588
6.22,0.031612,-0.12244
6.24,0.0291,-0.12851
6.26,0.026472,-0.13407
6.28,0.023738,-0.13909
6.3,0.020908,-0.14355
6.32,0.017995,-0.14744
6.34,0.015011,-0.15075
6.36,0.011966,-0.15344
6.38,0.0088728,-0.15553
6.4,0.0057445,-0.15699
6.42,0.0025933,-0.15782
6.44,-0.00056837,-0.15802
6.46,-0.0037277,-0.15759
6.48,-0.0068722,-0.15653
6.5,-0.0099891,-0.15485
6.52,-0.013066,-0.15254
6.54,-0.016091,-0.14963
6.56,-0.019051,-0.14611
6.58,-0.021935,-0.14201
6.6,-0.024732,-0.13735
6.62,-0.027429,-0.13213
6.64,-0.030017,-0.12639
6.66,-0.032485,-0.12014
6.68,-0.034823,-0.11341
6.7,-0.037021,-0.10622
6.72,-0.039071,-0.098613
6.74,-0.040966,-0.090609
6.76,-0.042696,-0.082243
6.78,-0.044255,-0.073548
6.8,-0.045638,-0.064558
6.82,-0.046838,-0.055311
6.84,-0.04785,-0.045842
6.86,-0.048671,-0.03619
6.88,-0.049298,-0.026393
6.9,-0.049727,-0.016491
6.92,-0.049957,-0.0065222
6.94,-0.049988,0.0034724
6.96,-0.049819,0.013453
6.98,-0.04945,0.02338
7,-0.048883,0.033213
7.02,-0.048121,0.042914
7.04,-0.047167,0.052442
7.06,-0.046024,0.061761
7.08,-0.044696,0.070833
7.1,-0.04319,0.079622
7.12,-0.041511,0.088092
7.14,-0.039667,0.09621
7.16,-0.037663,0.10394
7.18,-0.035509,0.11126
7.2,-0.033213,0.11813
7.22,-0.030784,0.12453
7.24,-0.028231,0.13043
7.26,-0.025566,0.13581
7.28,-0.022799,0.14065
7.3,-0.01994,0.14492
7.32,-0.017002,0.14862
7.34,-0.013996,0.15172
7.36,-0.010933,0.15421
7.38,-0.0078271,0.15609
7.4,-0.0046897,0.15734
7.42,-0.0015336,0.15796
7.44,0.0016287,0.15795
7.46,0.0047845,0.15731
7.48,0.0079211,0.15604
7.5,0.011026,0.15414
7.52,0.014087,0.15163
7.54,0.017091,0.14852
7.56,0.020027,0.1448
7.58,0.022883,0.14051
7.6,0.025648,0.13566
7.62,0.02831,0.13026
7.64,0.030859,0.12435
7.66,0.033284,0.11793
7.68,0.035576,0.11105
7.7,0.037726,0.10372
7.72,0.039724,0.095971
7.74,0.041564,0.087842
7.76,0.043238,0.079362
7.78,0.044739,0.070564
7.8,0.046061,0.061484
7.82,0.047198,0.052158
7.84,0.048147,0.042624
7.86,0.048903,0.032919
7.88,0.049464,0.023082
7.9,0.049827,0.013153
7.92,0.04999,0.0031715
7.94,0.049953,-0.0068228
7.96,0.049717,-0.01679
7.98,0.049282,-0.02669
8,0.048649,-0.036483
8.02,0.047822,-0.04613
8.04,0.046804,-0.055593
8.06,0.045599,-0.064833
8.08,0.044211,-0.073814
8.1,0.042646,-0.0825
8.12,0.040911,-0.090855
8.14,0.039012,-0.098848
8.16,0.036957,-0.10644
8.18,0.034754,-0.11362
8.2,0.032412,-0.12033
8.22,0.029941,-0.12657
8.24,0.02735,-0.1323
8.26,0.024649,-0.1375
8.28,0.02185,-0.14215
8.3,0.018963,-0.14623
8.32,0.016001,-0.14972
8.34,0.012974,-0.15262
8.36,0.0098958,-0.15491
8.38,0.0067779,-0.15658
8.4,0.0036328,-0.15762
8.42,0.00047318,-0.15803
8.44,-0.0026883,-0.15781
8.46,-0.0058391,-0.15695
8.48,-0.0089665,-0.15547
8.5,-0.012058,-0.15337
8.52,-0.015101,-0.15065
8.54,-0.018084,-0.14734
8.56,-0.020995,-0.14343
8.58,-0.023821,-0.13895
8.6,-0.026553,-0.13391
8.62,-0.029178,-0.12834
8.64,-0.031686,-0.12225
8.66,-0.034068,-0.11567
8.68,-0.036313,-0.10864
8.7,-0.038413,-0.10116
8.72,-0.04036,-0.093286
8.74,-0.042145,-0.085036
8.76,-0.043761,-0.076445
8.78,-0.045202,-0.067549
8.8,-0.046463,-0.058383
8.82,-0.047538,-0.048983
8.84,-0.048422,-0.039387
8.86,-0.049113,-0.029633
8.88,-0.049608,-0.019761
8.9,-0.049904,-0.0098098
8.92,-0.05,0.00018053
8.94,-0.049896,0.01017
8.96,-0.049593,0.020119
8.98,-0.049092,0.029988
9,-0.048394,0.039736
9.02,-0.047502,0.049326
9.04,-0.046421,0.058718
9.06,-0.045153,0.067875
9.08,-0.043706,0.076761
9.1,-0.042083,0.08534
9.12,-0.040292,0.093578
9.14,-0.03834,0.10144
9.16,-0.036234,0.1089
9.18,-0.033984,0.11592
9.2,-0.031598,0.12248
9.22,-0.029085,0.12855
9.24,-0.026456,0.1341
9.26,-0.023721,0.13912
9.28,-0.020891,0.14358
9.3,-0.017978,0.14747
9.32,-0.014992,0.15076
9.34,-0.011947,0.15346
9.36,-0.0088541,0.15554
9.38,-0.0057256,0.157
9.4,-0.0025742,0.15783
9.42,0.00058741,0.15802
9.44,0.0037467,0.15759
9.46,0.006891,0.15653
9.48,0.010008,0.15484
9.5,0.013085,0.15253
9.52,0.016109,0.14961
9.54,0.019069,0.14609
9.56,0.021953,0.14199
9.58,0.024748,0.13732
9.6,0.027445,0.1321
9.62,0.030032,0.12635
9.64,0.032499,0.1201
9.66,0.034836,0.11336
9.68,0.037034,0.10618
9.7,0.039083,0.098566
9.72,0.040976,0.09056
9.74,0.042706,0.082192
9.76,0.044264,0.073495
9.78,0.045646,0.064504
9.8,0.046844,0.055255
9.82,0.047856,0.045785
9.84,0.048676,0.036131
9.86,0.049301,0.026334
9.88,0.049729,0.016431
9.9,0.049958,0.0064621
9.92,0.049988,-0.0035325
9.94,0.049817,-0.013513
9.96,0.049447,-0.023439
9.98,0.048879,-0.033272
10,0.048116,-0.042972
10.02,0.04716,-0.052499
10.04,0.046016,-0.061817
10.06,0.044688,-0.070887
10.08,0.043181,-0.079674
10.1,0.041501,-0.088142
10.12,0.039655,-0.096258
10.14,0.037651,-0.10399
10.16,0.035495,-0.1113
10.18,0.033198,-0.11817
10.2,0.030769,-0.12457
10.22,0.028216,-0.13047
10.24,0.02555,-0.13584
10.26,0.022782,-0.14068
10.28,0.019923,-0.14495
10.3,0.016984,-0.14864
10.32,0.013977,-0.15173
10.34,0.010915,-0.15422
10.36,0.0078083,-0.1561
10.38,0.0046708,-0.15734
10.4,0.0015145,-0.15796
10.42,-0.0016477,-0.15795
10.44,-0.0048034,-0.1573
10.46,-0.0079399,-0.15603
10.48,-0.011045,-0.15413
10.5,-0.014105,-0.15162
10.52,-0.017109,-0.14849
10.54,-0.020045,-0.14478
10.56,-0.0229,-0.14048
10.58,-0.025664,-0.13563
10.6,-0.028326,-0.13023
10.62,-0.030873,-0.12431
10.64,-0.033298,-0.11789
10.66,-0.035589,-0.111
10.68,-0.037738,-0.10367
10.7,-0.039736,-0.095923
10.72,-0.041575,-0.087792
10.74,-0.043248,-0.07931
10.76,-0.044747,-0.07051
10.78,-0.046068,-0.061429
10.8,-0.047205,-0.052102
10.82,-0.048152,-0.042566
10.84,-0.048907,-0.03286
10.86,-0.049467,-0.023023
10.88,-0.049828,-0.013093
10.9,-0.04999,-0.0031114
10.92,-0.049953,0.0068829
10.94,-0.049715,0.01685
10.96,-0.049279,0.026749
10.98,-0.048645,0.036541
11,-0.047817,0.046188
11.02,-0.046798,0.055649
11.04,-0.045591,0.064888
11.06,-0.044202,0.073867
11.08,-0.042636,0.082551
11.1,-0.0409,0.090905
11.12,-0.039,0.098895
11.14,-0.036944,0.10649
11.16,-0.034741,0.11366
11.18,-0.032398,0.12037
11.2,-0.029926,0.1266
11.22,-0.027334,0.13233
11.24,-0.024632,0.13753
11.26,-0.021833,0.14217
11.28,-0.018946,0.14625
11.3,-0.015983,0.14974
11.32,-0.012956,0.15264
11.34,-0.0098772,0.15492
11.36,-0.006759,0.15658
11.38,-0.0036138,0.15762
11.4,-0.00045415,0.15803
11.42,0.0027073,0.1578
11.44,0.005858,0.15695
11.46,0.0089852,0.15546
11.48,0.012076,0.15336
11.5,0.015119,0.15064
11.52,0.018102,0.14731
11.54,0.021012,0.1434
11.56,0.023838,0.13892
11.58,0.026569,0.13388
11.6,0.029193,0.1283
11.62,0.031701,0.12221
11.64,0.034082,0.11563
11.66,0.036326,0.10859
11.68,0.038425,0.10112
11.7,0.040371,0.093238
11.72,0.042155,0.084985
11.74,0.04377,0.076393
11.76,0.045211,0.067495
11.78,0.04647,0.058327
11.8,0.047544,0.048925
11.82,0.048427,0.039328
11.84,0.049117,0.029574
11.86,0.04961,0.019701
11.88,0.049905,0.0097498
11.9,0.05,-0.0002407
11.92,0.049895,-0.01023
11.94,0.049591,-0.020179
11.96,0.049088,-0.030047
11.98,0.048389,-0.039794
12,0.047496,-0.049383
12.02,0.046414,-0.058774
12.04,0.045145,-0.06793
12.06,0.043696,-0.076814
12.08,0.042073,-0.085391
12.1,0.040281,-0.093626
12.12,0.038328,-0.10149
12.14,0.036221,-0.10894
12.16,0.03397,-0.11596
12.18,0.031583,-0.12252
12.2,0.029069,-0.12858
12.22,0.02644,-0.13413
12.24,0.023704,-0.13915
12.26,0.020874,-0.1436
12.28,0.01796,-0.14749
12.3,0.014974,-0.15078
12.32,0.011929,-0.15347
12.34,0.0088353,-0.15555
12.36,0.0057067,-0.157
12.38,0.0025552,-0.15783
12.4,-0.00060645,-0.15802
12.42,-0.0037657,-0.15759
12.44,-0.0069099,-0.15652
12.46,-0.010026,-0.15482
12.48,-0.013103,-0.15251
12.5,-0.016127,-0.14959
12.52,-0.019086,-0.14607
12.54,-0.02197,-0.14196
12.56,-0.024765,-0.13729
12.58,-0.027461,-0.13207
12.6,-0.030048,-0.12632
12.62,-0.032514,-0.12006
12.64,-0.03485,-0.11332
12.66,-0.037047,-0.10613
12.68,-0.039095,-0.098519
12.7,-0.040987,-0.09051
12.72,-0.042716,-0.08214
12.74,-0.044273,-0.073441
12.76,-0.045653,-0.064449
12.78,-0.046851,-0.055198
12.8,-0.047861,-0.045727
12.82,-0.04868,-0.036073
12.84,-0.049304,-0.026274
12.86,-0.049731,-0.016371
12.88,-0.049959,-0.0064019
12.9,-0.049987,0.0035927
12.92,-0.049815,0.013573
12.94,-0.049444,0.023499
12.96,-0.048875,0.033331
12.98,-0.048111,0.043029
13,-0.047154,0.052556
13.02,-0.046009,0.061872
13.04,-0.044679,0.070941
13.06,-0.043171,0.079726
13.08,-0.04149,0.088192
13.1,-0.039643,0.096306
13.12,-0.037638,0.10403
13.14,-0.035482,0.11135
13.16,-0.033184,0.11821
13.18,-0.030754,0.12461
13.2,-0.0282,0.1305
13.22,-0.025533,0.13587
13.24,-0.022765,0.1407
13.26,-0.019905,0.14497
13.28,-0.016966,0.14866
13.3,-0.013959,0.15175
13.32,-0.010896,0.15424
13.34,-0.0077895,0.15611
13.36,-0.0046518,0.15735
13.38,-0.0014955,0.15796
13.4,0.0016668,0.15795
13.42,0.0048224,0.1573
13.44,0.0079587,0.15602
13.46,0.011063,0.15412
13.48,0.014123,0.1516
13.5,0.017127,0.14847
13.52,0.020062,0.14476
13.54,0.022917,0.14046
13.56,0.025681,0.1356
13.58,0.028341,0.1302
13.6,0.030888,0.12427
13.62,0.033312,0.11785
13.64,0.035603,0.11096
13.66,0.037751,0.10363
13.68,0.039748,0.095876
13.7,0.041586,0.087742
13.72,0.043257,0.079258
13.74,0.044756,0.070457
13.76,0.046076,0.061373
13.78,0.047211,0.052045
13.8,0.048157,0.042508
13.82,0.048911,0.032801
13.84,0.049469,0.022963
13.86,0.04983,0.013033
13.88,0.049991,0.0030512
13.9,0.049952,-0.006943
13.92,0.049713,-0.016909
13.94,0.049275,-0.026808
13.96,0.048641,-0.0366
13.98,0.047811,-0.046245
14,0.046791,-0.055705
14.02,0.045583,-0.064943
14.04,0.044193,-0.07392
14.06,0.042626,-0.082602
14.08,0.040889,-0.090954
14.1,0.038988,-0.098942
14.12,0.036931,-0.10653
14.14,0.034727,-0.1137
14.16,0.032383,-0.12041
14.18,0.02991,-0.12664
14.2,0.027318,-0.13236
14.22,0.024616,-0.13756
14.24,0.021816,-0.1422
14.26,0.018928,-0.14627
14.28,0.015965,-0.14976
14.3,0.012937,-0.15265
14.32,0.0098585,-0.15493
14.34,0.0067401,-0.15659
14.36,0.0035948,-0.15763
14.38,0.00043511,-0.15803
14.4,-0.0027263,-0.1578
14.42,-0.0058769,-0.15694
14.44,-0.0090039,-0.15545
14.46,-0.012095,-0.15334
14.48,-0.015138,-0.15062
14.5,-0.01812,-0.14729
14.52,-0.021029,-0.14338
14.54,-0.023855,-0.13889
14.56,-0.026585,-0.13385
14.58,-0.029209,-0.12827
14.6,-0.031715,-0.12217
14.62,-0.034096,-0.11559
14.64,-0.036339,-0.10855
14.66,-0.038437,-0.10107
14.68,-0.040382,-0.093189
14.7,-0.042165,-0.084935
14.72,-0.043779,-0.07634
14.74,-0.045219,-0.06744
14.76,-0.046477,-0.058271
14.78,-0.047549,-0.048868
14.8,-0.048432,-0.03927
14.82,-0.04912,-0.029515
14.84,-0.049612,-0.019642
14.86,-0.049906,-0.0096897
14.88,-0.05,0.00030088
14.9,-0.049894,0.01029
14.92,-0.049588,0.020238
14.94,-0.049084,0.030106
14.96,-0.048384,0.039853
14.98,-0.04749,0.04944
15,-0.046406,0.05883
15.02,-0.045137,0.067984
15.04,-0.043687,0.076866
15.06,-0.042062,0.085441
15.08,-0.040269,0.093675
15.1,-0.038315,0.10153
15.12,-0.036208,0.10899
15.14,-0.033956,0.116
15.16,-0.031568,0.12255
15.18,-0.029054,0.12862
15.2,-0.026423,0.13416
15.22,-0.023687,0.13918
15.24,-0.020856,0.14363
15.26,-0.017942,0.14751
15.28,-0.014956,0.1508
15.3,-0.01191,0.15349
15.32,-0.0088166,0.15556
15.34,-0.0056878,0.15701
15.36,-0.0025362,0.15783
15.38,0.00062548,0.15802
15.4,0.0037847,0.15758
15.42,0.0069287,0.15651
15.44,0.010045,0.15481
15.46,0.013121,0.1525
15.48,0.016145,0.14957
15.5,0.019104,0.14604
15.52,0.021987,0.14194
15.54,0.024781,0.13726
15.56,0.027477,0.13203
15.58,0.030063,0.12628
15.6,0.032528,0.12002
15.62,0.034864,0.11328
15.64,0.037059,0.10609
15.66,0.039107,0.098472
15.68,0.040998,0.090461
15.7,0.042726,0.082089
15.72,0.044282,0.073388
15.74,0.045661,0.064394
15.76,0.046858,0.055142
15.78,0.047867,0.045669
15.8,0.048684,0.036014
15.82,0.049307,0.026215
15.84,0.049733,0.016311
15.86,0.04996,0.0063418
15.88,0.049987,-0.0036528
15.9,0.049814,-0.013633
15.92,0.049441,-0.023558
15.94,0.048871,-0.03339
15.96,0.048106,-0.043087
15.98,0.047148,-0.052613
16,0.046001,-0.061928
16.02,0.044671,-0.070995
16.04,0.043161,-0.079778
16.06,0.04148,-0.088242
16.08,0.039632,-0.096353
16.1,0.037625,-0.10408
16.12,0.035469,-0.11139
16.14,0.03317,-0.11825
16.16,0.030739,-0.12464
16.18,0.028184,-0.13054
16.2,0.025517,-0.13591
16.22,0.022748,-0.14073
16.24,0.019888,-0.145
16.26,0.016948,-0.14868
16.28,0.013941,-0.15177
16.3,0.010877,-0.15425
16.32,0.0077707,-0.15611
16.34,0.0046328,-0.15735
16.36,0.0014765,-0.15797
16.38,-0.0016858,-0.15794
16.4,-0.0048413,-0.15729
16.42,-0.0079775,-0.15601
16.44,-0.011082,-0.1541
16.46,-0.014142,-0.15158
16.48,-0.017145,-0.14845
16.5,-0.02008,-0.14473
16.52,-0.022934,-0.14043
16.54,-0.025697,-0.13557
16.56,-0.028357,-0.13016
16.58,-0.030903,-0.12423
16.6,-0.033326,-0.11781
16.62,-0.035616,-0.11092
16.64,-0.037763,-0.10358
16.66,-0.039759,-0.095828
16.68,-0.041596,-0.087692
16.7,-0.043267,-0.079206
16.72,-0.044764,-0.070403
16.74,-0.046083,-0.061318
16.76,-0.047217,-0.051988
16.78,-0.048162,-0.04245
16.8,-0.048915,-0.032742
16.82,-0.049472,-0.022904
16.84,-0.049831,-0.012973
16.86,-0.049991,-0.0029911
16.88,-0.049951,0.0070031
16.9,-0.049711,0.016969
16.92,-0.049272,0.026868
16.94,-0.048636,0.036658
16.96,-0.047806,0.046303
16.98,-0.046784,0.055762
17,-0.045575,0.064998
17.02,-0.044184,0.073974
17.04,-0.042616,0.082654
17.06,-0.040878,0.091003
17.08,-0.038976,0.098988
17.1,-0.036919,0.10658
17.12,-0.034713,0.11374
17.14,-0.032369,0.12045
17.16,-0.029895,0.12668
17.18,-0.027302,0.1324
17.2,-0.024599,0.13759
17.22,-0.021798,0.14223
17.24,-0.01891,0.1463
17.26,-0.015947,0.14978
17.28,-0.012919,0.15267
17.3,-0.0098398,0.15494
17.32,-0.0067213,0.1566
17.34,-0.0035758,0.15763
17.36,-0.00041607,0.15803
17.38,0.0027453,0.1578
17.4,0.0058958,0.15693
17.42,0.0090226,0.15544
17.44,0.012113,0.15333
17.46,0.015156,0.1506
17.48,0.018137,0.14727
17.5,0.021047,0.14335
17.52,0.023871,0.13886
17.54,0.026601,0.13381
17.56,0.029224,0.12823
17.58,0.03173,0.12214
17.6,0.034109,0.11555
17.62,0.036352,0.10851
17.64,0.03845,0.10102
17.66,0.040393,0.093141
17.68,0.042175,0.084884
17.7,0.043789,0.076287
17.72,0.045227,0.067386
17.74,0.046484,0.058215
17.76,0.047555,0.048811
17.78,0.048436,0.039212
17.8,0.049124,0.029456
17.82,0.049615,0.019582
17.84,0.049907,0.0096296
17.86,0.05,-0.00036105
17.88,0.049893,-0.01035
17.9,0.049586,-0.020298
17.92,0.049081,-0.030165
17.94,0.048379,-0.039911
17.96,0.047484,-0.049497
17.98,0.046399,-0.058886
18,0.045129,-0.068038
18.02,0.043678,-0.076919
18.04,0.042052,-0.085492
18.06,0.040258,-0.093723
18.08,0.038303,-0.10158
18.1,0.036195,-0.10903
18.12,0.033942,-0.11604
18.14,0.031553,-0.12259
18.16,0.029038,-0.12865
18.18,0.026407,-0.1342
18.2,0.02367,-0.1392
18.22,0.020839,-0.14365
18.24,0.017924,-0.14753
18.26,0.014938,-0.15082
18.28,0.011892,-0.1535
18.3,0.0087978,-0.15557
18.32,0.0056689,-0.15702
18.34,0.0025172,-0.15783
18.36,-0.00064452,-0.15802
18.38,-0.0038037,-0.15758
18.4,-0.0069476,-0.1565
18.42,-0.010064,-0.1548
18.44,-0.01314,-0.15248
18.46,-0.016163,-0.14955
18.48,-0.019122,-0.14602
18.5,-0.022004,-0.14191
18.52,-0.024798,-0.13723
18.54,-0.027493,-0.132
18.56,-0.030078,-0.12624
18.58,-0.032543,-0.11998
18.6,-0.034877,-0.11324
18.62,-0.037072,-0.10604
18.64,-0.039119,-0.098425
18.66,-0.041009,-0.090412
18.68,-0.042735,-0.082037
18.7,-0.044291,-0.073335
18.72,-0.045669,-0.064339
18.74,-0.046864,-0.055085
18.76,-0.047872,-0.045612
18.78,-0.048689,-0.035956
18.8,-0.04931,-0.026156
18.82,-0.049735,-0.016251
18.84,-0.04996,-0.0062817
18.86,-0.049986,0.003713
18.88,-0.049812,0.013693
18.9,-0.049438,0.023618
18.92,-0.048867,0.033448
18.94,-0.048101,0.043145
18.96,-0.047141,0.052669
18.98,-0.045994,0.061983
19,-0.044662,0.071049
19.02,-0.043152,0.07983
19.04,-0.041469,0.088292
19.06,-0.03962,0.096401
19.08,-0.037613,0.10412
19.1,-0.035455,0.11143
19.12,-0.033156,0.11829
19.14,-0.030724,0.12468
19.16,-0.028168,0.13057
19.18,-0.025501,0.13594
19.2,-0.022731,0.14076
19.22,-0.01987,0.14502
19.24,-0.01693,0.1487
19.26,-0.013922,0.15178
19.28,-0.010859,0.15426
19.3,-0.0077519,0.15612
19.32,-0.0046139,0.15736
19.34,-0.0014574,0.15797
19.36,0.0017048,0.15794
19.38,0.0048603,0.15729
19.4,0.0079963,0.156
19.42,0.0111,0.15409
19.44,0.01416,0.15157
19.46,0.017163,0.14843
19.48,0.020097,0.14471
19.5,0.022951,0.1404
19.52,0.025713,0.13554
19.54,0.028373,0.13013
19.56,0.030918,0.1242
19.58,0.033341,0.11777
19.6,0.035629,0.11087
19.62,0.037776,0.10353
19.64,0.039771,0.09578
19.66,0.041607,0.087642
19.68,0.043276,0.079154
19.7,0.044773,0.070349
19.72,0.04609,0.061263
19.74,0.047223,0.051931
19.76,0.048168,0.042392
19.78,0.048919,0.032683
19.8,0.049475,0.022844
19.82,0.049833,0.012913
19.84,0.049991,0.0029309
19.86,0.04995,-0.0070633
19.88,0.049709,-0.017029
19.9,0.049269,-0.026927
19.92,0.048632,-0.036717
19.94,0.0478,-0.04636
19.96,0.046777,-0.055818
19.98,0.045567,-0.065052
20,0.044175,-0.074027
20.02,0.042606,-0.082705
20.04,0.040867,-0.091052
20.06,0.038964,-0.099035
20.08,0.036906,-0.10662
20.1,0.034699,-0.11378
20.12,0.032354,-0.12049
20.14,0.02988,-0.12671
20.16,0.027286,-0.13243
20.18,0.024583,-0.13762
20.2,0.021781,-0.14225
20.22,0.018893,-0.14632
20.24,0.015929,-0.1498
20.26,0.012901,-0.15268
20.28,0.0098212,-0.15496
20.3,0.0067024,-0.15661
20.32,0.0035568,-0.15763
20.34,0.00039703,-0.15803
20.36,-0.0027644,-0.15779
20.38,-0.0059147,-0.15693
20.4,-0.0090414,-0.15543
20.42,-0.012132,-0.15331
20.44,-0.015174,-0.15058
20.46,-0.018155,-0.14725
20.48,-0.021064,-0.14333
20.5,-0.023888,-0.13883
20.52,-0.026617,-0.13378
20.54,-0.029239,-0.1282
20.56,-0.031745,-0.1221
20.58,-0.034123,-0.11551
20.6,-0.036365,-0.10846
20.62,-0.038462,-0.10098
20.64,-0.040404,-0.093092
20.66,-0.042185,-0.084833
20.68,-0.043798,-0.076235
20.7,-0.045235,-0.067331
20.72,-0.046491,-0.058159
20.74,-0.047561,-0.048754
20.76,-0.048441,-0.039153
20.78,-0.049127,-0.029397
20.8,-0.049617,-0.019522
20.82,-0.049908,-0.0095696
20.84,-0.05,0.00042123
20.86,-0.049891,0.01041
20.88,-0.049583,0.020358
20.9,-0.049077,0.030224
20.92,-0.048374,0.039969
20.94,-0.047478,0.049554
20.96,-0.046392,0.058941
20.98,-0.045121,0.068093
21,-0.043669,0.076972
21.02,-0.042042,0.085543
21.04,-0.040247,0.093771
21.06,-0.038291,0.10163
21.08,-0.036182,0.10907
21.1,-0.033928,0.11608
21.12,-0.031539,0.12263
21.14,-0.029023,0.12869
21.16,-0.026391,0.13423
21.18,-0.023654,0.13923
21.2,-0.020822,0.14368
21.22,-0.017907,0.14755
21.24,-0.01492,0.15084
21.26,-0.011873,0.15351
21.28,-0.0087791,0.15558
21.3,-0.0056499,0.15702
21.32,-0.0024982,0.15784
21.34,0.00066356,0.15802
21.36,0.0038226,0.15757
21.38,0.0069664,0.15649
21.4,0.010082,0.15479
21.42,0.013158,0.15246
21.44,0.016181,0.14953
21.46,0.019139,0.146
21.48,0.022021,0.14188
21.5,0.024815,0.1372
21.52,0.027509,0.13197
21.54,0.030093,0.12621
21.56,0.032557,0.11994
21.58,0.034891,0.1132
21.6,0.037085,0.106
21.62,0.039131,0.098377
21.64,0.04102,0.090362
21.66,0.042745,0.081986
21.68,0.0443,0.073281
21.7,0.045677,0.064284
21.72,0.046871,0.055029
21.74,0.047878,0.045554
21.76,0.048693,0.035897
21.78,0.049314,0.026096
21.8,0.049737,0.016191
21.82,0.049961,0.0062216
21.84,0.049986,-0.0037731
21.86,0.04981,-0.013753
21.88,0.049436,-0.023677
21.9,0.048863,-0.033507
21.92,0.048095,-0.043203
21.94,0.047135,-0.052726
21.96,0.045986,-0.062038
21.98,0.044654,-0.071102
22,0.043142,-0.079882
22.02,0.041458,-0.088342
22.04,0.039609,-0.096449
22.06,0.0376,-0.10417
22.08,0.035442,-0.11147
22.1,0.033141,-0.11833
22.12,0.030708,-0.12472
22.14,0.028153,-0.1306
22.16,0.025484,-0.13597
22.18,0.022714,-0.14079
22.2,0.019853,-0.14504
22.22,0.016912,-0.14872
22.24,0.013904,-0.1518
22.26,0.01084,-0.15428
22.28,0.0077331,-0.15613
22.3,0.0045949,-0.15737
22.32,0.0014384,-0.15797
22.34,-0.0017239,-0.15794
22.36,-0.0048792,-0.15728
22.38,-0.0080151,-0.15599
22.4,-0.011119,-0.15408
22.42,-0.014178,-0.15155
22.44,-0.017181,-0.14841
22.46,-0.020115,-0.14468
22.48,-0.022968,-0.14037
22.5,-0.02573,-0.1355
22.52,-0.028388,-0.13009
22.54,-0.030933,-0.12416
22.56,-0.033355,-0.11773
22.58,-0.035643,-0.11083
22.6,-0.037788,-0.10349
22.62,-0.039782,-0.095732
22.64,-0.041617,-0.087592
22.66,-0.043286,-0.079102
22.68,-0.044781,-0.070295
22.7,-0.046098,-0.061207
22.72,-0.04723,-0.051874
22.74,-0.048173,-0.042334
22.76,-0.048923,-0.032625
22.78,-0.049478,-0.022785
22.8,-0.049834,-0.012853
22.82,-0.049992,-0.0028707
22.84,-0.049949,0.0071234
22.86,-0.049707,0.017089
22.88,-0.049266,0.026986
22.9,-0.048627,0.036776
22.92,-0.047795,0.046418
22.94,-0.046771,0.055874
22.96,-0.04556,0.065107
22.98,-0.044166,0.07408
23,-0.042596,0.082756
23.02,-0.040856,0.091101
23.04,-0.038952,0.099082
23.06,-0.036893,0.10667
23.08,-0.034686,0.11382
23.1,-0.03234,0.12053
23.12,-0.029865,0.12675
23.14,-0.02727,0.13246
23.16,-0.024566,0.13764
23.18,-0.021764,0.14228
23.2,-0.018875,0.14634
23.22,-0.01591,0.14982
23.24,-0.012882,0.1527
23.26,-0.0098025,0.15497
23.28,-0.0066835,0.15662
23.3,-0.0035378,0.15764
23.32,-0.000378,0.15803
23.34,0.0027834,0.15779
23.36,0.0059336,0.15692
23.38,0.0090601,0.15542
23.4,0.01215,0.1533
23.42,0.015192,0.15056
23.44,0.018173,0.14723
23.46,0.021081,0.1433
23.48,0.023905,0.1388
23.5,0.026633,0.13375
23.52,0.029255,0.12816
23.54,0.03176,0.12206
23.56,0.034137,0.11547
23.58,0.036378,0.10842
23.6,0.038474,0.10093
23.62,0.040416,0.093043
23.64,0.042196,0.084782
23.66,0.043807,0.076182
23.68,0.045243,0.067277
23.7,0.046498,0.058103
23.72,0.047567,0.048696
23.74,0.048446,0.039095
23.76,0.049131,0.029337
23.78,0.049619,0.019462
23.8,0.049909,0.0095095
23.82,0.05,-0.0004814
23.84,0.04989,-0.01047
23.86,0.049581,-0.020418
23.88,0.049073,-0.030283
23.9,0.04837,-0.040027
23.92,0.047472,-0.049611
23.94,0.046385,-0.058997
23.96,0.045112,-0.068147
23.98,0.043659,-0.077024
24,0.042031,-0.085593
24.02,0.040236,-0.09382
24.04,0.038279,-0.10167
24.06,0.036169,-0.10912
24.08,0.033914,-0.11612
24.1,0.031524,-0.12267
24.12,0.029007,-0.12872
24.14,0.026375,-0.13426
24.16,0.023637,-0.13926
24.18,0.020804,-0.1437
24.2,0.017889,-0.14757
24.22,0.014901,-0.15085
24.24,0.011855,-0.15353
24.26,0.0087603,-0.15559
24.28,0.005631,-0.15703
24.3,0.0024792,-0.15784
24.32,-0.00068259,-0.15802
24.34,-0.0038416,-0.15757
24.36,-0.0069853,-0.15648
24.38,-0.010101,-0.15478
24.4,-0.013176,-0.15245
24.42,-0.016199,-0.14951
24.44,-0.019157,-0.14598
24.46,-0.022038,-0.14186
24.48,-0.024831,-0.13717
24.5,-0.027525,-0.13193
24.52,-0.030108,-0.12617
24.54,-0.032572,-0.1199
24.56,-0.034904,-0.11315
24.58,-0.037098,-0.10595
24.6,-0.039143,-0.09833
24.62,-0.041031,-0.090313
24.64,-0.042755,-0.081934
24.66,-0.044308,-0.073228
24.68,-0.045684,-0.064229
24.7,-0.046877,-0.054973
24.72,-0.047883,-0.045497
24.74,-0.048697,-0.035838
24.76,-0.049317,-0.026037
24.78,-0.049739,-0.016132
24.8,-0.049962,-0.0061614
24.82,-0.049985,0.0038333
24.84,-0.049809,0.013813
24.86,-0.049433,0.023737
24.88,-0.048859,0.033566
24.9,-0.04809,0.043261
24.92,-0.047129,0.052783
24.94,-0.045979,0.062094
24.96,-0.044645,0.071156
24.98,-0.043133,0.079934
25,-0.041448,0.088392
25.02,-0.039597,0.096496
25.04,-0.037588,0.10421
25.06,-0.035428,0.11152
25.08,-0.033127,0.11837
25.1,-0.030693,0.12475
25.12,-0.028137,0.13064
25.14,-0.025468,0.136
25.16,-0.022697,0.14081
25.18,-0.019835,0.14507
25.2,-0.016894,0.14874
25.22,-0.013886,0.15182
25.24,-0.010822,0.15429
25.26,-0.0077142,0.15614
25.28,-0.004576,0.15737
25.3,-0.0014194,0.15797
25.32,0.0017429,0.15794
25.34,0.0048982,0.15727
25.36,0.0080339,0.15598
25.38,0.011137,0.15406
25.4,0.014196,0.15153
25.42,0.017199,0.14839
25.44,0.020132,0.14466
25.46,0.022985,0.14035
25.48,0.025746,0.13547
25.5,0.028404,0.13006
25.52,0.030948,0.12412
25.54,0.033369,0.11769
25.56,0.035656,0.11079
25.58,0.0378,0.10344
25.6,0.039794,0.095684
25.62,0.041628,0.087542
25.64,0.043295,0.07905
25.66,0.04479,0.070241
25.68,0.046105,0.061152
25.7,0.047236,0.051818
25.72,0.048178,0.042276
25.74,0.048927,0.032566
25.76,0.04948,0.022725
25.78,0.049836,0.012793
25.8,0.049992,0.0028106
25.82,0.049948,-0.0071835
25.84,0.049705,-0.017149
25.86,0.049262,-0.027046
25.88,0.048623,-0.036834
25.9,0.047789,-0.046475
25.92,0.046764,-0.055931
25.94,0.045552,-0.065162
25.96,0.044157,-0.074133
25.98,0.042586,-0.082807
26,0.040845,-0.091151
26.02,0.03894,-0.099129
26.04,0.03688,-0.10671
26.06,0.034672,-0.11387
26.08,0.032325,-0.12057
26.1,0.029849,-0.12678
26.12,0.027254,-0.13249
26.14,0.02455,-0.13767
26.16,0.021747,-0.1423
26.18,0.018857,-0.14636
26.2,0.015892,-0.14984
26.22,0.012864,-0.15271
26.24,0.0097838,-0.15498
26.26,0.0066647,-0.15662
26.28,0.0035189,-0.15764
26.3,0.00035896,-0.15803
26.32,-0.0028024,-0.15779
26.34,-0.0059525,-0.15691
26.36,-0.0090788,-0.15541
26.38,-0.012169,-0.15328
26.4,-0.01521,-0.15055
26.42,-0.018191,-0.14721
26.44,-0.021098,-0.14328
26.46,-0.023922,-0.13877
26.48,-0.026649,-0.13372
26.5,-0.02927,-0.12813
26.52,-0.031774,-0.12202
26.54,-0.034151,-0.11543
26.56,-0.036391,-0.10837
26.58,-0.038486,-0.10089
26.6,-0.040427,-0.092995
26.62,-0.042206,-0.084731
26.64,-0.043816,-0.076129
26.66,-0.045251,-0.067223
26.68,-0.046505,-0.058047
26.7,-0.047573,-0.048639
26.72,-0.048451,-0.039037
26.74,-0.049134,-0.029278
26.76,-0.049622,-0.019403
26.78,-0.049911,-0.0094494
26.8,-0.05,0.00054158
26.82,-0.049889,0.01053
26.84,-0.049578,0.020477
26.86,-0.04907,0.030342
26.88,-0.048365,0.040085
26.9,-0.047466,0.049669
26.92,-0.046378,0.059053
26.94,-0.045104,0.068201
26.96,-0.04365,0.077077
26.98,-0.042021,0.085644
27,-0.040224,0.093868
27.02,-0.038266,0.10172
27.04,-0.036156,0.10916
27.06,-0.0339,0.11617
27.08,-0.031509,0.12271
27.1,-0.028992,0.12876
27.12,-0.026359,0.13429
27.14,-0.02362,0.13929
27.16,-0.020787,0.14373
27.18,-0.017871,0.1476
27.2,-0.014883,0.15087
27.22,-0.011836,0.15354
27.24,-0.0087416,0.1556
27.26,-0.0056121,0.15704
27.28,-0.0024602,0.15784
27.3,0.00070163,0.15802
27.32,0.0038606,0.15756
27.34,0.0070042,0.15648
27.36,0.01012,0.15476
27.38,0.013195,0.15243
27.4,0.016217,0.14949
27.42,0.019174,0.14595
27.44,0.022055,0.14183
27.46,0.024848,0.13714
27.48,0.027541,0.1319
27.5,0.030124,0.12613
27.52,0.032586,0.11986
27.54,0.034918,0.11311
27.56,0.037111,0.10591
27.58,0.039154,0.098283
27.6,0.041042,0.090264
27.62,0.042765,0.081883
27.64,0.044317,0.073175
27.66,0.045692,0.064174
27.68,0.046884,0.054916
27.7,0.047889,0.045439
27.72,0.048702,0.03578
27.74,0.04932,0.025978
27.76,0.049741,0.016072
27.78,0.049963,0.0061013
27.8,0.049985,-0.0038935
27.82,0.049807,-0.013873
27.84,0.04943,-0.023796
27.86,0.048855,-0.033625
27.88,0.048085,-0.043319
27.9,0.047122,-0.05284
27.92,0.045971,-0.062149
27.94,0.044636,-0.07121
27.96,0.043123,-0.079986
27.98,0.041437,-0.088442
28,0.039585,-0.096544
28.02,0.037575,-0.10426
28.04,0.035415,-0.11156
28.06,0.033113,-0.11841
28.08,0.030678,-0.12479
28.1,0.028121,-0.13067
28.12,0.025452,-0.13603
28.14,0.02268,-0.14084
28.16,0.019818,-0.14509
28.18,0.016876,-0.14876
28.2,0.013868,-0.15183
28.22,0.010803,-0.1543
28.24,0.0076954,-0.15615
28.26,0.004557,-0.15738
28.28,0.0014004,-0.15797
28.3,-0.0017619,-0.15794
28.32,-0.0049171,-0.15727
28.34,-0.0080527,-0.15597
28.36,-0.011156,-0.15405
28.38,-0.014215,-0.15151
28.4,-0.017217,-0.14837
28.42,-0.02015,-0.14463
28.44,-0.023002,-0.14032
28.46,-0.025762,-0.13544
28.48,-0.02842,-0.13002
28.5,-0.030963,-0.12409
28.52,-0.033383,-0.11765
28.54,-0.035669,-0.11075
28.56,-0.037813,-0.1034
28.58,-0.039805,-0.095636
28.6,-0.041638,-0.087492
28.62,-0.043305,-0.078998
28.64,-0.044798,-0.070187
28.66,-0.046112,-0.061096
28.68,-0.047242,-0.051761
28.7,-0.048183,-0.042218
28.72,-0.048931,-0.032507
28.74,-0.049483,-0.022665
28.76,-0.049837,-0.012733
28.78,-0.049992,-0.0027504
28.8,-0.049947,0.0072436
28.82,-0.049703,0.017209
28.84,-0.049259,0.027105
28.86,-0.048618,0.036893
28.88,-0.047783,0.046533
28.9,-0.046757,0.055987
28.92,-0.045544,0.065217
28.94,-0.044149,0.074186
28.96,-0.042576,0.082859
28.98,-0.040834,0.0912
29,-0.038928,0.099176
29.02,-0.036867,0.10676
29.04,-0.034658,0.11391
29.06,-0.032311,0.1206
29.08,-0.029834,0.12682
29.1,-0.027238,0.13253
29.12,-0.024533,0.1377
29.14,-0.02173,0.14233
29.16,-0.01884,0.14639
29.18,-0.015874,0.14986
29.2,-0.012845,0.15273
29.22,-0.0097652,0.15499
29.24,-0.0066458,0.15663
29.26,-0.0034999,0.15765
29.28,-0.00033992,0.15803
29.3,0.0028214,0.15778
29.32,0.0059714,0.1569
29.34,0.0090975,0.1554
29.36,0.012187,0.15327
29.38,0.015228,0.15053
29.4,0.018208,0.14718
29.42,0.021116,0.14325
29.44,0.023938,0.13875
29.46,0.026665,0.13368
29.48,0.029286,0.12809
29.5,0.031789,0.12198
29.52,0.034165,0.11539
29.54,0.036404,0.10833
29.56,0.038498,0.10084
29.58,0.040438,0.092946
29.6,0.042216,0.084681
29.62,0.043825,0.076077
29.64,0.045259,0.067168
29.66,0.046512,0.057991
29.68,0.047579,0.048582
29.7,0.048455,0.038978
29.72,0.049138,0.029219
29.74,0.049624,0.019343
29.76,0.049912,0.0093894
29.78,0.05,-0.00060175
29.8,0.049888,-0.01059
29.82,0.049576,-0.020537
29.84,0.049066,-0.030401
29.86,0.04836,-0.040144
29.88,0.04746,-0.049726
29.9,0.046371,-0.059109
29.92,0.045096,-0.068256
29.94,0.043641,-0.077129
29.96,0.042011,-0.085694
29.98,0.040213,-0.093917
30,0.038254,-0.10176
30.02,0.036142,-0.1092
30.04,0.033886,-0.11621
30.06,0.031494,-0.12274
30.08,0.028976,-0.12879
30.1,0.026343,-0.13432
30.12,0.023603,-0.13932
30.14,0.02077,-0.14375
30.16,0.017853,-0.14762
30.18,0.014865,-0.15089
30.2,0.011818,-0.15356
30.22,0.0087229,-0.15561
30.24,0.0055932,-0.15704
30.26,0.0024411,-0.15785
30.28,-0.00072067,-0.15802
30.3,-0.0038796,-0.15756
30.32,-0.007023,-0.15647
30.34,-0.010138,-0.15475
30.36,-0.013213,-0.15242
30.38,-0.016235,-0.14947
30.4,-0.019192,-0.14593
30.42,-0.022072,-0.1418
30.44,-0.024864,-0.13711
30.46,-0.027557,-0.13187
30.48,-0.030139,-0.1261
30.5,-0.0326,-0.11982
30.52,-0.034932,-0.11307
30.54,-0.037123,-0.10587
30.56,-0.039166,-0.098236
30.58,-0.041053,-0.090214
30.6,-0.042775,-0.081831
30.62,-0.044326,-0.073121
30.64,-0.0457,-0.064119
30.66,-0.046891,-0.05486
30.68,-0.047894,-0.045381
30.7,-0.048706,-0.035721
30.72,-0.049323,-0.025918
30.74,-0.049743,-0.016012
30.76,-0.049963,-0.0060412
30.78,-0.049984,0.0039536
30.8,-0.049805,0.013933
30.82,-0.049427,0.023856
30.84,-0.048851,0.033684
30.86,-0.04808,0.043377
30.88,-0.047116,0.052896
30.9,-0.045964,0.062204
30.92,-0.044628,0.071263
30.94,-0.043113,0.080038
30.96,-0.041426,0.088492
30.98,-0.039574,0.096592
31,-0.037563,0.10431
31.02,-0.035401,0.1116
31.04,-0.033099,0.11845
31.06,-0.030663,0.12483
31.08,-0.028106,0.1307
31.1,-0.025435,0.13606
31.12,-0.022663,0.14087
31.14,-0.0198,0.14511
31.16,-0.016859,0.14878
31.18,-0.013849,0.15185
31.2,-0.010784,0.15431
31.22,-0.0076766,0.15616
31.24,-0.004538,0.15738
31.26,-0.0013813,0.15797
31.28,0.0017809,0.15793
31.3,0.0049361,0.15726
31.32,0.0080714,0.15596
31.34,0.011175,0.15404
31.36,0.014233,0.1515
31.38,0.017234,0.14835
31.4,0.020167,0.14461
31.42,0.023019,0.14029
31.44,0.025779,0.13541
31.46,0.028435,0.12999
31.48,0.030978,0.12405
31.5,0.033397,0.11761
31.52,0.035683,0.1107
31.54,0.037825,0.10335
31.56,0.039817,0.095588
31.58,0.041649,0.087442
31.6,0.043314,0.078945
31.62,0.044807,0.070133
31.64,0.04612,0.061041
31.66,0.047248,0.051704
31.68,0.048188,0.04216
31.7,0.048935,0.032448
31.72,0.049486,0.022606
31.74,0.049839,0.012673
31.76,0.049993,0.0026902
31.78,0.049947,-0.0073037
31.8,0.049701,-0.017268
31.82,0.049256,-0.027164
31.84,0.048614,-0.036951
31.86,0.047778,-0.04659
31.88,0.04675,-0.056043
31.9,0.045536,-0.065272
31.92,0.04414,-0.074239
31.94,0.042567,-0.08291
31.96,0.040823,-0.091249
31.98,0.038917,-0.099223
32,0.036854,-0.1068
32.02,0.034645,-0.11395
32.04,0.032296,-0.12064
32.06,0.029819,-0.12686
32.08,0.027222,-0.13256
32.1,0.024516,-0.13773
32.12,0.021713,-0.14236
32.14,0.018822,-0.14641
32.16,0.015856,-0.14988
32.18,0.012827,-0.15275
32.2,0.0097465,-0.155
32.22,0.0066269,-0.15664
32.24,0.0034809,-0.15765
32.26,0.00032088,-0.15803
32.28,-0.0028404,-0.15778
32.3,-0.0059903,-0.1569
32.32,-0.0091163,-0.15539
32.34,-0.012206,-0.15325
32.36,-0.015246,-0.15051
32.38,-0.018226,-0.14716
32.4,-0.021133,-0.14323
32.42,-0.023955,-0.13872
32.44,-0.026682,-0.13365
32.46,-0.029301,-0.12805
32.48,-0.031804,-0.12194
32.5,-0.034179,-0.11535
32.52,-0.036418,-0.10829
32.54,-0.03851,-0.10079
32.56,-0.040449,-0.092897
32.58,-0.042226,-0.08463
32.6,-0.043834,-0.076024
32.62,-0.045267,-0.067114
32.64,-0.046519,-0.057935
32.66,-0.047585,-0.048525
32.68,-0.04846,-0.03892
32.7,-0.049141,-0.02916
32.72,-0.049626,-0.019283
32.74,-0.049913,-0.0093293
32.76,-0.05,0.00066192
32.78,-0.049886,0.010651
32.8,-0.049574,0.020596
32.82,-0.049062,0.03046
32.84,-0.048355,0.040202
32.86,-0.047454,0.049783
32.88,-0.046364,0.059165
32.9,-0.045088,0.06831
32.92,-0.043631,0.077182
32.94,-0.042001,0.085745
32.96,-0.040202,0.093965
32.98,-0.038242,0.10181
33,-0.036129,0.10925
33.02,-0.033872,0.11625
33.04,-0.031479,0.12278
33.06,-0.028961,0.12883
33.08,-0.026326,0.13435
33.1,-0.023587,0.13935
33.12,-0.020753,0.14378
33.14,-0.017835,0.14764
33.16,-0.014847,0.15091
33.18,-0.011799,0.15357
33.2,-0.0087041,0.15562
33.22,-0.0055743,0.15705
33.24,-0.0024221,0.15785
33.26,0.0007397,0.15802
33.28,0.0038986,0.15755
33.3,0.0070419,0.15646
33.32,0.010157,0.15474
33.34,0.013231,0.1524
33.36,0.016253,0.14945
33.38,0.01921,0.14591
33.4,0.022089,0.14178
33.42,0.024881,0.13708
33.44,0.027572,0.13183
33.46,0.030154,0.12606
33.48,0.032615,0.11978
33.5,0.034945,0.11303
33.52,0.037136,0.10582
33.54,0.039178,0.098189
33.56,0.041064,0.090165
33.58,0.042785,0.08178
33.6,0.044335,0.073068
33.62,0.045707,0.064064
33.64,0.046897,0.054803
33.66,0.0479,0.045324
33.68,0.04871,0.035663
33.7,0.049326,0.025859
33.72,0.049745,0.015952
33.74,0.049964,0.005981
33.76,0.049984,-0.0040138
33.78,0.049804,-0.013993
33.8,0.049424,-0.023915
33.82,0.048847,-0.033742
33.84,0.048074,-0.043435
33.86,0.04711,-0.052953
33.88,0.045956,-0.06226
33.9,0.044619,-0.071317
33.92,0.043104,-0.080089
33.94,0.041416,-0.088541
33.96,0.039562,-0.096639
33.98,0.03755,-0.10435
34,0.035388,-0.11164
34.02,0.033084,-0.11849
34.04,0.030648,-0.12486
34.06,0.02809,-0.13074
34.08,0.025419,-0.13609
34.1,0.022646,-0.1409
34.12,0.019783,-0.14514
34.14,0.016841,-0.1488
34.16,0.013831,-0.15187
34.18,0.010766,-0.15433
34.2,0.0076578,-0.15617
34.22,0.0045191,-0.15739
34.24,0.0013623,-0.15798
34.26,-0.0018,-0.15793
34.28,-0.004955,-0.15726
34.3,-0.0080902,-0.15595
34.32,-0.011193,-0.15402
34.34,-0.014251,-0.15148
34.36,-0.017252,-0.14833
34.38,-0.020184,-0.14459
34.4,-0.023036,-0.14026
34.42,-0.025795,-0.13538
34.44,-0.028451,-0.12996
34.46,-0.030993,-0.12401
34.48,-0.033411,-0.11757
34.5,-0.035696,-0.11066
34.52,-0.037838,-0.10331
34.54,-0.039828,-0.09554
34.56,-0.041659,-0.087392
34.58,-0.043324,-0.078893
34.6,-0.044815,-0.070079
34.62,-0.046127,-0.060985
34.64,-0.047255,-0.051647
34.66,-0.048193,-0.042102
34.68,-0.048939,-0.032389
34.7,-0.049489,-0.022546
34.72,-0.04984,-0.012613
34.74,-0.049993,-0.0026301
34.76,-0.049946,0.0073638
34.78,-0.049699,0.017328
34.8,-0.049253,0.027223
34.82,-0.04861,0.03701
34.84,-0.047772,0.046648
34.86,-0.046744,0.056099
34.88,-0.045528,0.065327
34.9,-0.044131,0.074292
34.92,-0.042557,0.082961
34.94,-0.040812,0.091298
34.96,-0.038905,0.09927
34.98,-0.036841,0.10684
35,-0.034631,0.11399
35.02,-0.032282,0.12068
35.04,-0.029804,0.12689
35.06,-0.027206,0.13259
35.08,-0.0245,0.13776
35.1,-0.021696,0.14238
35.12,-0.018805,0.14643
35.14,-0.015838,0.1499
35.16,-0.012809,0.15276
35.18,-0.0097278,0.15501
35.2,-0.0066081,0.15665
35.22,-0.0034619,0.15766
35.24,-0.00030184,0.15803
35.26,0.0028594,0.15778
35.28,0.0060092,0.15689
35.3,0.009135,0.15537
35.32,0.012224,0.15324
35.34,0.015265,0.15049
35.36,0.018244,0.14714
35.38,0.02115,0.1432
35.4,0.023972,0.13869
35.42,0.026698,0.13362
35.44,0.029317,0.12802
35.46,0.031818,0.12191
35.48,0.034193,0.1153
35.5,0.036431,0.10824
35.52,0.038523,0.10075
35.54,0.04046,0.092849
35.56,0.042237,0.084579
35.58,0.043844,0.075971
35.6,0.045275,0.067059
35.62,0.046526,0.057879
35.64,0.047591,0.048467
35.66,0.048465,0.038862
35.68,0.049145,0.029101
35.7,0.049629,0.019224
35.72,0.049914,0.0092692
35.74,0.049999,-0.0007221
35.76,0.049885,-0.010711
35.78,0.049571,-0.020656
35.8,0.049059,-0.030519
35.82,0.04835,-0.04026
35.84,0.047448,-0.04984
35.86,0.046357,-0.05922
35.88,0.04508,-0.068364
35.9,0.043622,-0.077234
35.92,0.04199,-0.085795
35.94,0.04019,-0.094014
35.96,0.03823,-0.10186
35.98,0.036116,-0.10929
36,0.033858,-0.11629
36.02,0.031465,-0.12282
36.04,0.028945,-0.12886
36.06,0.02631,-0.13439
36.08,0.02357,-0.13937
36.1,0.020735,-0.1438
36.12,0.017818,-0.14766
36.14,0.014829,-0.15092
36.16,0.011781,-0.15359
36.18,0.0086854,-0.15563
36.2,0.0055553,-0.15706
36.22,0.0024031,-0.15785
36.24,-0.00075874,-0.15802
36.26,-0.0039176,-0.15755
36.28,-0.0070607,-0.15645
36.3,-0.010176,-0.15473
36.32,-0.01325,-0.15238
36.34,-0.016271,-0.14943
36.36,-0.019227,-0.14588
36.38,-0.022106,-0.14175
36.4,-0.024897,-0.13705
36.42,-0.027588,-0.1318
36.44,-0.030169,-0.12603
36.46,-0.032629,-0.11975
36.48,-0.034959,-0.11299
36.5,-0.037149,-0.10578
36.52,-0.03919,-0.098142
36.54,-0.041074,-0.090115
36.56,-0.042795,-0.081728
36.58,-0.044344,-0.073015
36.6,-0.045715,-0.064009
36.62,-0.046904,-0.054747
36.64,-0.047905,-0.045266
36.66,-0.048715,-0.035604
36.68,-0.049329,-0.0258
36.7,-0.049747,-0.015892
36.72,-0.049965,-0.0059209
36.74,-0.049983,0.0040739
36.76,-0.049802,0.014052
36.78,-0.049421,0.023975
36.8,-0.048843,0.033801
36.82,-0.048069,0.043492
36.84,-0.047103,0.05301
36.86,-0.045949,0.062315
36.88,-0.044611,0.071371
36.9,-0.043094,0.080141
36.92,-0.041405,0.088591
36.94,-0.03955,0.096687
36.96,-0.037538,0.1044
36.98,-0.035375,0.11169
37,-0.03307,0.11853
37.02,-0.030633,0.1249
37.04,-0.028074,0.13077
37.06,-0.025402,0.13612
37.08,-0.022629,0.14092
37.1,-0.019765,0.14516
37.12,-0.016823,0.14882
37.14,-0.013813,0.15188
37.16,-0.010747,0.15434
37.18,-0.007639,0.15618
37.2,-0.0045001,0.15739
37.22,-0.0013433,0.15798
37.24,0.001819,0.15793
37.26,0.0049739,0.15725
37.28,0.008109,0.15594
37.3,0.011212,0.15401
37.32,0.014269,0.15146
37.34,0.01727,0.14831
37.36,0.020202,0.14456
37.38,0.023053,0.14024
37.4,0.025811,0.13535
37.42,0.028467,0.12992
37.44,0.031008,0.12397
37.46,0.033426,0.11753
37.48,0.035709,0.11062
37.5,0.03785,0.10326
37.52,0.03984,0.095492
37.54,0.04167,0.087341
37.56,0.043333,0.078841
37.58,0.044824,0.070025
37.6,0.046134,0.06093
37.62,0.047261,0.05159
37.64,0.048198,0.042044
37.66,0.048943,0.03233
37.68,0.049491,0.022487
37.7,0.049842,0.012553
37.72,0.049993,0.0025699
37.74,0.049945,-0.0074239
37.76,0.049696,-0.017388
37.78,0.049249,-0.027283
37.8,0.048605,-0.037068
37.82,0.047767,-0.046705
37.84,0.046737,-0.056156
37.86,0.04552,-0.065381
37.88,0.044122,-0.074346
37.9,0.042547,-0.083012
37.92,0.040801,-0.091347
37.94,0.038893,-0.099316
37.96,0.036829,-0.10689
37.98,0.034617,-0.11403
38,0.032267,-0.12072
38.02,0.029788,-0.12693
38.04,0.02719,-0.13262
38.06,0.024483,-0.13779
38.08,0.021678,-0.14241
38.1,0.018787,-0.14645
38.12,0.01582,-0.14992
38.14,0.01279,-0.15278
38.16,0.0097091,-0.15503
38.18,0.0065892,-0.15666
38.2,0.0034429,-0.15766
38.22,0.0002828,-0.15803
38.24,-0.0028784,-0.15777
38.26,-0.0060281,-0.15688
38.28,-0.0091537,-0.15536
38.3,-0.012243,-0.15322
38.32,-0.015283,-0.15047
38.34,-0.018262,-0.14712
38.36,-0.021167,-0.14317
38.38,-0.023989,-0.13866
38.4,-0.026714,-0.13359
38.42,-0.029332,-0.12798
38.44,-0.031833,-0.12187
38.46,-0.034207,-0.11526
38.48,-0.036444,-0.1082
38.5,-0.038535,-0.1007
38.52,-0.040472,-0.0928
38.54,-0.042247,-0.084528
38.56,-0.043853,-0.075918
38.58,-0.045283,-0.067005
38.6,-0.046533,-0.057823
38.62,-0.047596,-0.04841
38.64,-0.048469,-0.038804
38.66,-0.049148,-0.029042
38.68,-0.049631,-0.019164
38.7,-0.049915,-0.0092092
38.72,-0.049999,0.00078227
38.74,-0.049884,0.010771
38.76,-0.049569,0.020716
38.78,-0.049055,0.030578
38.8,-0.048345,0.040318
38.82,-0.047442,0.049897
38.84,-0.04635,0.059276
38.86,-0.045071,0.068418
38.88,-0.043613,0.077287
38.9,-0.04198,0.085846
38.92,-0.040179,0.094062
38.94,-0.038217,0.1019
38.96,-0.036103,0.10933
38.98,-0.033844,0.11633
39,-0.03145,0.12286
39.02,-0.02893,0.1289
39.04,-0.026294,0.13442
39.06,-0.023553,0.1394
39.08,-0.020718,0.14383
39.1,-0.0178,0.14768
39.12,-0.014811,0.15094
39.14,-0.011762,0.1536
39.16,-0.0086666,0.15564
39.18,-0.0055364,0.15706
39.2,-0.0023841,0.15786
39.22,0.00077778,0.15802
39.24,0.0039365,0.15754
39.26,0.0070795,0.15644
39.28,0.010194,0.15472
39.3,0.013268,0.15237
39.32,0.016289,0.14941
39.34,0.019245,0.14586
39.36,0.022123,0.14172
39.38,0.024914,0.13702
39.4,0.027604,0.13177
39.42,0.030184,0.12599
39.44,0.032644,0.11971
39.46,0.034973,0.11294
39.48,0.037162,0.10573
39.5,0.039202,0.098095
39.52,0.041085,0.090066
39.54,0.042804,0.081677
39.56,0.044352,0.072961
39.58,0.045723,0.063954
39.6,0.046911,0.05469
39.62,0.047911,0.045208
39.64,0.048719,0.035545
39.66,0.049332,0.02574
39.68,0.049748,0.015832
39.7,0.049966,0.0058608
39.72,0.049983,-0.0041341
39.74,0.0498,-0.014112
39.76,0.049418,-0.024034
39.78,0.048839,-0.03386
39.8,0.048064,-0.04355
39.82,0.047097,-0.053066
39.84,0.045941,-0.06237
39.86,0.044602,-0.071425
39.88,0.043084,-0.080193
39.9,0.041394,-0.088641
39.92,0.039539,-0.096734
39.94,0.037525,-0.10444
39.96,0.035361,-0.11173
39.98,0.033056,-0.11857
40,0.030618,-0.12494
40.02,0.028058,-0.13081
40.04,0.025386,-0.13615
40.06,0.022612,-0.14095
40.08,0.019748,-0.14519
40.1,0.016805,-0.14884
40.12,0.013794,-0.1519
40.14,0.010729,-0.15435
40.16,0.0076202,-0.15619
40.18,0.0044812,-0.1574
40.2,0.0013242,-0.15798
40.22,-0.001838,-0.15793
40.24,-0.0049929,-0.15724
40.26,-0.0081278,-0.15593
40.28,-0.01123,-0.154
40.3,-0.014288,-0.15145
40.32,-0.017288,-0.14829
40.34,-0.020219,-0.14454
40.36,-0.023069,-0.14021
40.38,-0.025828,-0.13532
40.4,-0.028482,-0.12989
40.42,-0.031023,-0.12394
40.44,-0.03344,-0.11749
40.46,-0.035723,-0.11057
40.48,-0.037863,-0.10322
40.5,-0.039851,-0.095444
40.52,-0.04168,-0.087291
40.54,-0.043343,-0.078789
40.56,-0.044832,-0.069971
40.58,-0.046142,-0.060874
40.6,-0.047267,-0.051533
40.62,-0.048203,-0.041986
40.64,-0.048946,-0.032271
40.66,-0.049494,-0.022427
40.68,-0.049844,-0.012493
40.7,-0.049994,-0.0025097
40.72,-0.049944,0.007484
40.74,-0.049694,0.017448
40.76,-0.049246,0.027342
40.78,-0.048601,0.037127
40.8,-0.047761,0.046763
40.82,-0.04673,0.056212
40.84,-0.045512,0.065436
40.86,-0.044113,0.074399
40.88,-0.042537,0.083064
40.9,-0.04079,0.091396
40.92,-0.038881,0.099363
40.94,-0.036816,0.10693
40.96,-0.034603,0.11407
40.98,-0.032253,0.12076
41,-0.029773,0.12696
41.02,-0.027174,0.13266
41.04,-0.024467,0.13782
41.06,-0.021661,0.14243
41.08,-0.018769,0.14648
41.1,-0.015802,0.14993
41.12,-0.012772,0.15279
41.14,-0.0096905,0.15504
41.16,-0.0065703,0.15666
41.18,-0.0034239,0.15766
41.2,-0.00026377,0.15803
41.22,0.0028974,0.15777
41.24,0.006047,0.15687
41.26,0.0091724,0.15535
41.28,0.012261,0.15321
41.3,0.015301,0.15045
41.32,0.018279,0.1471
41.34,0.021185,0.14315
41.36,0.024005,0.13863
41.38,0.02673,0.13356
41.4,0.029347,0.12795
41.42,0.031848,0.12183
41.44,0.034221,0.11522
41.46,0.036457,0.10815
41.48,0.038547,0.10065
41.5,0.040483,0.092751
41.52,0.042257,0.084477
41.54,0.043862,0.075865
41.56,0.045291,0.06695
41.58,0.04654,0.057767
41.6,0.047602,0.048353
41.62,0.048474,0.038745
41.64,0.049152,0.028983
41.66,0.049633,0.019104
41.68,0.049916,0.0091491
41.7,0.049999,-0.00084245
41.72,0.049882,-0.010831
41.74,0.049566,-0.020775
41.76,0.049051,-0.030637
41.78,0.048341,-0.040376
41.8,0.047436,-0.049954
41.82,0.046342,-0.059332
41.84,0.045063,-0.068473
41.86,0.043604,-0.077339
41.88,0.04197,-0.085897
41.9,0.040168,-0.09411
41.92,0.038205,-0.10195
41.94,0.03609,-0.10938
41.96,0.03383,-0.11637
41.98,0.031435,-0.1229
42,0.028914,-0.12893
42.02,0.026278,-0.13445
42.04,0.023536,-0.13943
42.06,0.020701,-0.14385
42.08,0.017782,-0.1477
42.1,0.014792,-0.15096
42.12,0.011744,-0.15361
42.14,0.0086479,-0.15565
42.16,0.0055175,-0.15707
42.18,0.0023651,-0.15786
42.2,-0.00079681,-0.15801
42.22,-0.0039555,-0.15754
42.24,-0.0070984,-0.15643
42.26,-0.010213,-0.1547
42.28,-0.013287,-0.15235
42.3,-0.016307,-0.14939
42.32,-0.019262,-0.14584
42.34,-0.02214,-0.1417
42.36,-0.02493,-0.13699
42.38,-0.02762,-0.13173
42.4,-0.030199,-0.12595
42.42,-0.032658,-0.11967
42.44,-0.034986,-0.1129
42.46,-0.037174,-0.10569
42.48,-0.039214,-0.098047
42.5,-0.041096,-0.090016
42.52,-0.042814,-0.081625
42.54,-0.044361,-0.072908
42.56,-0.045731,-0.063899
42.58,-0.046917,-0.054634
42.6,-0.047916,-0.045151
42.62,-0.048723,-0.035487
42.64,-0.049335,-0.025681
42.66,-0.04975,-0.015772
42.68,-0.049966,-0.0058006
42.7,-0.049982,0.0041942
42.72,-0.049799,0.014172
42.74,-0.049415,0.024094
42.76,-0.048835,0.033919
42.78,-0.048059,0.043608
42.8,-0.04709,0.053123
42.82,-0.045934,0.062425
42.84,-0.044593,0.071478
42.86,-0.043075,0.080245
42.88,-0.041384,0.088691
42.9,-0.039527,0.096782
42.92,-0.037512,0.10449
42.94,-0.035348,0.11177
42.96,-0.033041,0.11861
42.98,-0.030603,0.12498
43,-0.028042,0.13084
43.02,-0.02537,0.13618
43.04,-0.022595,0.14098
43.06,-0.019731,0.14521
43.08,-0.016787,0.14886
43.1,-0.013776,0.15192
43.12,-0.01071,0.15437
43.14,-0.0076014,0.1562
43.16,-0.0044622,0.1574
43.18,-0.0013052,0.15798
43.2,0.001857,0.15793
43.22,0.0050118,0.15724
43.24,0.0081466,0.15592
43.26,0.011249,0.15398
43.28,0.014306,0.15143
43.3,0.017306,0.14827
43.32,0.020237,0.14451
43.34,0.023086,0.14018
43.36,0.025844,0.13529
43.38,0.028498,0.12985
43.4,0.031038,0.1239
43.42,0.033454,0.11745
43.44,0.035736,0.11053
43.46,0.037875,0.10317
43.48,0.039863,0.095396
43.5,0.041691,0.087241
43.52,0.043352,0.078737
43.54,0.04484,0.069917
43.56,0.046149,0.060819
43.58,0.047273,0.051476
43.6,0.048208,0.041928
43.62,0.04895,0.032212
43.64,0.049497,0.022368
43.66,0.049845,0.012433
43.68,0.049994,0.0024496
43.7,0.049943,-0.0075441
43.72,0.049692,-0.017508
43.74,0.049243,-0.027401
43.76,0.048596,-0.037185
43.78,0.047755,-0.04682
43.8,0.046723,-0.056268
43.82,0.045505,-0.065491
43.84,0.044104,-0.074452
43.86,0.042526,-0.083115
43.88,0.040779,-0.091445
43.9,0.038869,-0.09941
43.92,0.036803,-0.10698
43.94,0.03459,-0.11412
43.96,0.032238,-0.1208
43.98,0.029758,-0.127
44,0.027158,-0.13269
44.02,0.02445,-0.13785
44.04,0.021644,-0.14246
44.06,0.018752,-0.1465
44.08,0.015784,-0.14995
44.1,0.012753,-0.15281
44.12,0.0096718,-0.15505
44.14,0.0065514,-0.15667
44.16,0.0034049,-0.15767
44.18,0.00024473,-0.15803
44.2,-0.0029164,-0.15777
44.22,-0.0060659,-0.15687
44.24,-0.0091911,-0.15534
44.26,-0.01228,-0.15319
44.28,-0.015319,-0.15043
44.3,-0.018297,-0.14707
44.32,-0.021202,-0.14312
44.34,-0.024022,-0.1386
44.36,-0.026746,-0.13352
44.38,-0.029363,-0.12791
44.4,-0.031862,-0.12179
44.42,-0.034235,-0.11518
44.44,-0.03647,-0.10811
44.46,-0.038559,-0.10061
44.48,-0.040494,-0.092703
44.5,-0.042267,-0.084426
44.52,-0.043871,-0.075813
44.54,-0.0453,-0.066896
44.56,-0.046547,-0.057711
44.58,-0.047608,-0.048295
44.6,-0.048479,-0.038687
44.62,-0.049155,-0.028923
44.64,-0.049636,-0.019044
44.66,-0.049917,-0.009089
44.68,-0.049999,0.00090262
44.7,-0.049881,0.010891
44.72,-0.049564,0.020835
44.74,-0.049048,0.030696
44.76,-0.048336,0.040435
44.78,-0.04743,0.050011
44.8,-0.046335,0.059388
44.82,-0.045055,0.068527
44.84,-0.043594,0.077392
44.86,-0.041959,0.085947
44.88,-0.040156,0.094159
44.9,-0.038193,0.10199
44.92,-0.036077,0.10942
44.94,-0.033816,0.11641
44.96,-0.03142,0.12293
44.98,-0.028899,0.12897
45,-0.026262,0.13448
45.02,-0.023519,0.13946
45.04,-0.020683,0.14388
45.06,-0.017764,0.14772
45.08,-0.014774,0.15098
45.1,-0.011725,0.15363
45.12,-0.0086291,0.15566
45.14,-0.0054986,0.15708
45.16,-0.0023461,0.15786
45.18,0.00081585,0.15801
45.2,0.0039745,0.15753
45.22,0.0071172,0.15643
45.24,0.010232,0.15469
45.26,0.013305,0.15234
45.28,0.016325,0.14937
45.3,0.01928,0.14581
45.32,0.022158,0.14167
45.34,0.024947,0.13696
45.36,0.027636,0.1317
45.38,0.030215,0.12592
45.4,0.032673,0.11963
45.42,0.035,0.11286
45.44,0.037187,0.10564
45.46,0.039225,0.098
45.48,0.041107,0.089967
45.5,0.042824,0.081574
45.52,0.04437,0.072854
45.54,0.045738,0.063844
45.56,0.046924,0.054577
45.58,0.047921,0.045093
45.6,0.048727,0.035428
45.62,0.049339,0.025621
45.64,0.049752,0.015712
45.66,0.049967,0.0057405
45.68,0.049982,-0.0042544
45.7,0.049797,-0.014232
45.72,0.049413,-0.024153
45.74,0.048831,-0.033978
45.76,0.048053,-0.043666
45.78,0.047084,-0.05318
45.8,0.045926,-0.062481
45.82,0.044585,-0.071532
45.84,0.043065,-0.080297
45.86,0.041373,-0.088741
45.88,0.039515,-0.096829
45.9,0.0375,-0.10453
45.92,0.035334,-0.11181
45.94,0.033027,-0.11865
45.96,0.030588,-0.12501
45.98,0.028027,-0.13087
46,0.025353,-0.13621
46.02,0.022578,-0.141
46.04,0.019713,-0.14523
46.06,0.016769,-0.14888
46.08,0.013758,-0.15193
46.1,0.010692,-0.15438
46.12,0.0075825,-0.15621
46.14,0.0044432,-0.15741
46.16,0.0012862,-0.15798
46.18,-0.0018761,-0.15792
46.2,-0.0050308,-0.15723
46.22,-0.0081654,-0.15591
46.24,-0.011267,-0.15397
46.26,-0.014324,-0.15141
46.28,-0.017324,-0.14825
46.3,-0.020254,-0.14449
46.32,-0.023103,-0.14015
46.34,-0.02586,-0.13526
46.36,-0.028514,-0.12982
46.38,-0.031053,-0.12386
46.4,-0.033468,-0.11741
46.42,-0.035749,-0.11049
46.44,-0.037888,-0.10312
46.46,-0.039874,-0.095349
46.48,-0.041701,-0.087191
46.5,-0.043362,-0.078685
46.52,-0.044849,-0.069864
46.54,-0.046156,-0.060763
46.56,-0.047279,-0.051419
46.58,-0.048213,-0.04187
46.6,-0.048954,-0.032153
46.62,-0.049499,-0.022308
46.64,-0.049847,-0.012373
46.66,-0.049994,-0.0023894
46.68,-0.049942,0.0076043
46.7,-0.04969,0.017567
46.72,-0.049239,0.02746
46.74,-0.048592,0.037244
46.76,-0.04775,0.046878
46.78,-0.046717,0.056324
46.8,-0.045497,0.065546
46.82,-0.044095,0.074505
46.84,-0.042516,0.083166
46.86,-0.040768,0.091494
46.88,-0.038857,0.099457
46.9,-0.03679,0.10702
46.92,-0.034576,0.11416
46.94,-0.032224,0.12084
46.96,-0.029742,0.12703
46.98,-0.027142,0.13272
47,-0.024433,0.13788
47.02,-0.021627,0.14249
47.04,-0.018734,0.14652
47.06,-0.015766,0.14997
47.08,-0.012735,0.15282
47.1,-0.0096531,0.15506
47.12,-0.0065326,0.15668
47.14,-0.0033859,0.15767
47.16,-0.00022569,0.15803
47.18,0.0029354,0.15776
47.2,0.0060848,0.15686
47.22,0.0092098,0.15533
47.24,0.012298,0.15318
47.26,0.015337,0.15042
47.28,0.018315,0.14705
47.3,0.021219,0.1431
47.32,0.024039,0.13857
47.34,0.026762,0.13349
47.36,0.029378,0.12788
47.38,0.031877,0.12175
47.4,0.034248,0.11514
47.42,0.036483,0.10807
47.44,0.038571,0.10056
47.46,0.040505,0.092654
47.48,0.042277,0.084376
47.5,0.04388,0.07576
47.52,0.045308,0.066841
47.54,0.046554,0.057655
47.56,0.047614,0.048238
47.58,0.048483,0.038628
47.6,0.049159,0.028864
47.62,0.049638,0.018985
47.64,0.049918,0.0090289
47.66,0.049999,-0.0009628
47.68,0.04988,-0.010951
47.7,0.049561,-0.020895
47.72,0.049044,-0.030755
47.74,0.048331,-0.040493
47.76,0.047424,-0.050068
47.78,0.046328,-0.059444
47.8,0.045047,-0.068581
47.82,0.043585,-0.077444
47.84,0.041949,-0.085998
47.86,0.040145,-0.094207
47.88,0.038181,-0.10204
47.9,0.036063,-0.10946
47.92,0.033802,-0.11645
47.94,0.031405,-0.12297
47.96,0.028883,-0.129
47.98,0.026245,-0.13451
48,0.023503,-0.13949
48.02,0.020666,-0.1439
48.04,0.017746,-0.14775
48.06,0.014756,-0.151
48.08,0.011707,-0.15364
48.1,0.0086104,-0.15567
48.12,0.0054797,-0.15708
48.14,0.002327,-0.15786
48.16,-0.00083489,-0.15801
48.18,-0.0039935,-0.15753
48.2,-0.0071361,-0.15642
48.22,-0.01025,-0.15468
48.24,-0.013323,-0.15232
48.26,-0.016343,-0.14935
48.28,-0.019297,-0.14579
48.3,-0.022175,-0.14164
48.32,-0.024963,-0.13693
48.34,-0.027652,-0.13167
48.36,-0.03023,-0.12588
48.38,-0.032687,-0.11959
48.4,-0.035013,-0.11282
48.42,-0.0372,-0.1056
48.44,-0.039237,-0.097953
48.46,-0.041118,-0.089918
48.48,-0.042834,-0.081522
48.5,-0.044379,-0.072801
48.52,-0.045746,-0.063789
48.54,-0.04693,-0.054521
48.56,-0.047927,-0.045035
48.58,-0.048732,-0.035369
48.6,-0.049342,-0.025562
48.62,-0.049754,-0.015653
48.64,-0.049968,-0.0056804
48.66,-0.049981,0.0043145
48.68,-0.049795,0.014292
48.7,-0.04941,0.024213
48.72,-0.048827,0.034036
48.74,-0.048048,0.043724
48.76,-0.047078,0.053236
48.78,-0.045919,0.062536
48.8,-0.044576,0.071586
48.82,-0.043055,0.080349
48.84,-0.041362,0.08879
48.86,-0.039504,0.096877
48.88,-0.037487,0.10458
48.9,-0.035321,0.11186
48.92,-0.033013,0.11869
48.94,-0.030573,0.12505
48.96,-0.028011,0.13091
48.98,-0.025337,0.13624
49,-0.022561,0.14103
49.02,-0.019696,0.14526
49.04,-0.016751,0.1489
49.06,-0.013739,0.15195
49.08,-0.010673,0.15439
49.1,-0.0075637,0.15622
49.12,-0.0044243,0.15741
49.14,-0.0012671,0.15798
49.16,0.0018951,0.15792
49.18,0.0050497,0.15723
49.2,0.0081842,0.1559
49.22,0.011286,0.15396
49.24,0.014342,0.15139
49.26,0.017342,0.14823
49.28,0.020271,0.14446
49.3,0.02312,0.14012
49.32,0.025876,0.13523
49.34,0.028529,0.12978
49.36,0.031068,0.12382
49.38,0.033482,0.11737
49.4,0.035763,0.11045
49.42,0.0379,0.10308
49.44,0.039886,0.095301
49.46,0.041712,0.087141
49.48,0.043371,0.078632
49.5,0.044857,0.06981
49.52,0.046164,0.060707
49.54,0.047286,0.051362
49.56,0.048218,0.041812
49.58,0.048958,0.032094
49.6,0.049502,0.022248
49.62,0.049848,0.012313
49.64,0.049995,0.0023292
49.66,0.049941,-0.0076644
49.68,0.049688,-0.017627
49.7,0.049236,-0.02752
49.72,0.048587,-0.037302
49.74,0.047744,-0.046935
49.76,0.04671,-0.056381
49.78,0.045489,-0.0656
49.8,0.044086,-0.074558
49.82,0.042506,-0.083217
49.84,0.040757,-0.091543
49.86,0.038845,-0.099504
49.88,0.036777,-0.10707
49.9,0.034562,-0.1142
49.92,0.032209,-0.12088
49.94,0.029727,-0.12707
49.96,0.027126,-0.13276
49.98,0.024417,0
